1024
7930
4490
3941
4180
3704
1854
8433
4466
5577
7227
320
5634
3229
3674
1186
5924
1641
5406
9914
8598
3430
5076
8838
6492
4052
4221
5424
4089
6700
9846
6027
641
2715
5403
9975
3989
7697
1498
8084
9946
6836
8854
9226
8052
769
7360
4367
4446
9750
2739
3118
8640
207
9163
3418
5052
8725
5686
9825
1962
1038
1228
2896
907
8072
4926
8626
454
2809
2850
2119
2231
3630
2539
1632
7413
9076
9723
4455
9639
5105
1795
578
1141
3257
7291
1142
2377
6364
2011
3909
6410
1328
757
5770
250
7676
5400
686
8225
602
5196
7239
4862
4561
1316
4895
7584
9911
3104
324
4321
262
9900
7192
4282
1955
5939
2218
9971
602
4387
8846
6031
3172
7467
3085
5855
9172
1327
551
928
9904
8214
2668
5579
9915
5446
495
7114
7292
3285
963
3705
7962
2900
4231
9485
6643
6088
5282
5401
622
8171
4875
9394
6017
7053
2235
5411
7209
6348
6116
4352
2174
4200
5634
4862
679
9378
8142
5672
5603
9013
8469
4613
5738
2175
1689
1025
7838
551
2209
3635
9642
4902
3929
1242
7310
195
9331
605
2051
6830
4690
4091
2626
8262
5797
2314
3975
476
9684
9259
2708
7894
5855
1993
6188
7455
2356
2482
3776
8940
5377
5688
4990
8873
5099
1276
7177
6512
5439
5303
1350
7248
5038
8505
4731
2057
325
5105
2517
7166
2805
6611
535
8020
5942
3241
9285
6811
3161
2200
8143
7666
2000
3740
9580
4955
1102
9680
2885
3210
1904
9235
1656
4203
271
4910
466
9568
6974
9848
8116
2558
2025
2832
8461
9790
7931
3890
1771
4046
688
9611
1636
3297
3446
1497
7586
2328
8110
496
6886
8529
5402
3428
733
1220
2589
1645
1707
2271
4624
4418
5401
8593
270
2288
5016
9808
2454
2625
7691
2187
4562
3749
5549
8450
1837
9104
3429
374
5868
4780
372
4858
5015
6871
1994
3378
9784
2659
6578
9977
4864
5083
5373
4645
8866
7011
9878
5400
5704
7231
5990
3173
8116
453
8175
532
5247
5749
4913
1071
2092
3945
2656
2548
3947
7061
5708
2333
654
9300
5080
9567
7133
4547
4155
2121
8395
2360
6123
2275
4627
6815
6816
3556
8701
4359
7607
5850
9966
8046
8530
9114
9192
8175
5120
4523
8030
2746
831
5447
7125
2981
9262
7705
8997
808
7477
6186
7691
9405
4632
6234
5711
2626
6720
6870
7353
5376
1664
5591
1513
9280
6801
9661
2672
6780
7507
868
7730
3214
9844
3879
1085
2208
6990
4993
807
1805
910
7428
5301
6163
753
1488
4282
8173
2383
9847
8964
3375
4880
240
4579
2
7772
4485
8526
5193
3973
502
2911
85
5444
6805
52
7560
4247
6432
2754
5566
9642
4800
2711
5075
5536
1134
4515
372
2565
7087
1308
8043
655
6363
9256
5131
9645
3425
2031
4874
7203
4521
4848
4668
1939
2832
242
3012
2447
877
8326
8004
6821
9307
5683
61
1467
7248
8404
5315
7980
1526
7458
2495
4252
1340
6161
4336
7088
8218
6325
4954
855
9832
1930
1640
1671
9783
7215
7156
8284
718
1212
9703
6008
5651
1334
5651
3318
1832
9004
531
7329
7806
5458
4722
3858
6221
4282
3387
2715
9397
4042
46
3996
9616
289
5674
919
4220
9286
7779
3042
1958
6032
6606
2389
2877
6065
5136
4421
9622
6420
7888
5989
5228
227
9359
2511
3950
8864
2075
6635
3462
5821
6967
8731
9010
3988
7739
9765
194
622
5024
1059
5561
5408
8834
4170
9292
454
8364
4687
1462
3005
3326
2736
6051
497
232
3369
7399
1726
7870
219
1376
3835
3543
2588
8527
82
4529
6403
2320
159
2500
8290
5728
9113
6651
4164
1928
671
9752
5376
6892
9170
1432
5114
1287
2840
659
7739
7040
6924
2397
6214
6438
1577
6011
3588
846
5459
7582
9353
6761
1877
8237
4792
3740
5361
3168
9096
5303
3469
2127
5888
7150
3438
5035
4133
9073
2337
7232
4817
3083
9244
8280
6494
1467
2630
5795
9190
5097
1586
5408
3402
3897
4562
833
2343
6010
6716
5765
7598
2594
6945
1853
691
8249
706
2962
9883
1060
5293
13
7683
7241
5338
7204
3842
391
2544
1263
7559
5615
5684
4212
2447
4285
7160
1365
6931
8104
8138
7937
5433
9361
7692
4609
5432
9245
7557
2748
6737
4704
875
621
294
7143
5241
463
8839
5274
1718
912
1491
4408
3921
2067
7875
6903
9171
2498
9196
5471
227
394
3433
5735
9481
1025
3831
8322
5073
5403
3437
8580
9724
1477
7097
5146
8117
2124
3552
3830
3333
7602
9429
5773
8965
9015
21
4440
3090
6836
2374
7750
25
1070
6210
4851
95
7772
5718
678
6135
541
465
1180
8802
9970
2212
2297
9808
4978
5716
8690
3520
9607
5006
5138
6577
1760
2011
2952
2170
9174
7957
5506
3199
6452
5983
2485
7060
9731
5632
1954
5756
3664
2513
9427
1211
1463
3333
6949
1535
1694
8094
4874
4079
9294
3523
8509
101
8179
3778
4539
7114
4616
5220
9113
4175
1176
7542
9039
4363
7562
1611
2183
4922
6594
4234
3563
1202
4092
2788
8911
6400
5222
9577
9594
8303
9853
4181
3735
3437
9617
6176
9103
1806
9087
4751
6651
1195
2166
8941
2167
3863
3673
4031
3073
3624
7928
1960
6889
8362
6511
7192
3345
3523
1912
752
647
1925
8984
3247
8000
8456
6190
8729
2100
4055
97
5535
3073
3233
5973
2903
8312
6508
266
3221
3910
4553
9177
6494
4152
5226
8205
271
2949
7836
8141
7306
1044
3812
4786
5560
6286
4742
5399
9442
4838
6662
8512
231
357
6402
7655
9509
6945
8031
3908
6227
9102
969
9546
6585
9542
2602
5612
6005
5999
5725
2093
1803
3530
7669
5736
6457
5075
9024
9835
3420
1515
4361
1808
6811
4051
5267
7858
7607
7629
5886
40
1726
1895
6863
3310
7168
9159
5230
6407
660
2150
9872
9586
5325
6078
9695
697
8448
1181
6182
1013
9322
3703
1369
5741
2182
4238
6269
6423
1068
6019
3482
519
8484
4605
6687
8405
2521
550
2020
9138
5204
6586
6067
1654
5516
3043
2842
3515
3247
627
8440
5687
