512
698
4118
5173
2843
4717
2020
2189
1696
2473
7650
6363
1200
3666
8144
5581
2414
1841
4878
3032
4240
7521
321
7569
1466
9990
3478
8746
1317
1299
8521
9256
295
1165
711
6180
5527
7385
7815
9318
5247
6277
8320
4870
7187
225
839
6064
37
4210
2364
6465
7140
4693
9429
8216
6390
9079
9592
9325
5541
1041
3633
2868
8489
6564
1548
757
8734
8046
4355
1133
1623
4968
9980
4578
1012
3965
5298
8484
1
8222
6049
5688
5725
1046
9761
105
4829
9702
5074
5824
188
9392
5887
8320
4322
2728
5888
794
3261
7873
119
2388
138
6558
3478
18
7650
5213
3243
5338
1529
55
3670
2125
4747
600
2987
2533
7146
7417
8395
4301
610
8664
2458
4988
8204
4640
7076
3483
7428
4420
7992
8649
9944
4092
5752
7935
8026
6394
9470
3481
4400
3250
2119
4479
9472
7374
5612
4552
5222
2598
2329
9385
987
8438
3115
3974
5087
2151
6565
6494
6787
2111
7518
3798
3577
3681
3175
911
9549
5303
9878
7188
5315
3998
4457
4097
3926
7922
7638
5703
7123
3109
5132
2198
4597
2469
693
5744
9750
8143
2018
9948
301
1489
2235
8021
9056
5724
7902
8702
9222
6062
5982
9730
7161
7256
1744
4778
2121
482
6316
5571
4426
2281
4968
9420
2965
1523
6212
2504
5982
702
5132
2628
4569
3494
5424
470
8686
6470
8351
1807
2157
6768
2716
1367
9090
8932
2781
2984
2601
5499
4033
6836
8803
3874
91
9894
7184
9830
3633
755
8130
9022
2784
5349
537
9162
7665
3804
8877
1531
1455
8566
6858
7808
2063
1878
9713
8919
9911
5682
4742
1001
8792
9063
9852
6993
6346
3258
8065
1320
8169
2077
2801
7125
423
1018
2702
859
7432
3121
8290
4885
3215
8642
4272
6949
1808
6060
3926
1057
598
6232
8452
1656
5525
4377
5836
2362
7346
3189
6976
5560
2061
2989
2364
4192
3204
1738
9027
5041
4150
5713
2446
9326
8730
5277
1959
23
9372
6587
9488
9480
8676
7595
726
7172
4687
7923
1513
1717
8462
5761
3854
5540
6657
5367
3447
1902
9638
8468
7642
4003
5184
2904
6947
6802
7865
2880
9036
4133
3799
3293
8653
1028
6516
8229
6067
1348
6985
5423
1898
5807
6710
4076
5880
1356
1896
8916
7010
2580
6473
7959
4261
3078
9016
9617
792
2131
8076
5460
3729
152
6730
7498
1939
4043
67
4905
984
4248
5000
3190
6398
6921
9569
2721
2480
8812
5086
4125
2443
7882
611
2230
5094
3064
1913
1167
3370
9278
5603
4331
8391
7356
2788
1485
2998
5854
3774
9204
9063
1292
9058
2196
1287
5052
6650
9337
1709
4158
5164
2403
3711
4773
3330
8054
2432
3335
5073
5442
4227
9147
8322
8582
4803
2440
2855
7193
9139
404
9861
8721
870
5359
7627
2078
5020
1253
402
2608
6183
1938
5170
7401
7403
1956
6769
8196
7343
7840
826
8920
2295
8111
6433
3911
9879
3478
931
7309
6233
4359
129
4628
841
3733
3419
136
1062
9323
9539
8516
8417
4694
1974
8233
2811
