4096
1992
3504
5739
1525
869
1583
2481
2227
8669
4481
6282
9472
4817
2580
3351
2635
7877
1073
6149
675
8801
3285
8108
3437
6828
2386
263
7408
8462
6067
6152
6159
3095
4057
9369
485
3798
8561
6135
6473
4598
4290
6892
1203
4112
7275
8812
1199
3024
3569
5892
6154
7565
5038
7270
6918
6320
4854
4762
5941
40
9276
799
1092
948
3153
8671
6937
5738
5820
9236
1188
1068
405
7239
4025
4010
688
2334
4847
9897
2536
7270
2564
3289
6354
7848
94
3815
5996
7204
8839
5628
288
2899
3784
1276
4164
1029
2532
4522
4275
6647
196
8609
4101
883
5191
2789
7922
1637
7240
3213
5769
2380
5903
6468
7099
2750
3989
7242
703
6082
1763
7078
1766
2430
1083
9290
8377
8565
6342
4070
5251
1430
6362
683
2511
9072
6649
9400
5141
4061
8349
9557
2255
1285
2993
8026
3682
6275
8698
8044
3535
486
3874
2177
4030
5685
4281
6247
5291
4758
8048
1987
5040
7399
8302
7040
2161
9383
7254
919
9373
170
8974
604
2728
1449
2602
6028
3035
8168
9544
9751
4180
3359
8212
7624
2389
8672
3322
3300
8568
13
2116
6989
1270
4316
6225
3142
6316
421
1061
9210
1742
9257
6235
1553
15
815
4203
9263
8397
6324
1215
8585
6579
3423
6314
4375
3336
5440
2986
4353
3361
7631
7754
8914
8258
1030
2579
7420
4421
2729
324
472
2163
9155
7146
8325
3814
1941
4126
1114
6212
7380
7126
6516
9431
2317
3561
1706
9395
736
6585
4098
4876
6912
8277
8054
1912
9852
1730
5939
11
5437
8912
4907
2715
4832
837
322
7691
3103
9559
5146
1719
809
341
5506
965
8065
6456
3155
1453
3839
7552
7087
7448
9947
8961
672
3109
2759
1439
6961
9747
6176
7789
688
1878
429
765
8039
6709
2375
9245
4300
428
2112
2874
4889
5155
7513
2924
2692
3758
6234
8539
9575
9935
2612
4803
1737
1685
8553
9694
6216
3602
4320
855
2828
3322
3952
7609
1308
1667
5121
412
3092
6194
5162
4599
3765
7300
9867
761
4621
8523
3470
6009
5549
5031
2703
8459
8526
800
7563
5963
3204
5719
9483
4301
1755
588
423
8941
6494
3880
8185
4508
1547
5211
8645
8988
2337
1935
3219
6449
7721
6458
636
6076
8716
5742
8994
5829
2941
5437
8559
3122
4471
5256
3639
9796
1208
2741
6274
3206
2819
413
946
6970
1306
6071
6613
8341
2104
5370
7338
2011
3994
560
4139
7565
3133
4414
3538
5409
8605
3589
9006
3204
8162
443
5140
2760
6893
8510
8175
2828
9780
9925
6841
8947
382
5939
665
2475
345
8457
3938
823
7788
8184
7057
8986
3038
4128
1885
3543
2187
986
884
4417
2326
2378
2101
3727
8500
1483
4571
3869
6728
6704
1073
4379
7221
9520
6919
9613
583
2204
9858
6432
381
5906
2896
1040
1445
4835
2272
9727
1100
895
7625
4893
9000
7999
7545
6064
7793
5025
7931
7136
5017
1559
7838
1348
1749
3031
7783
1122
3196
4899
7440
5853
9821
6604
5426
3954
3623
8382
4173
7679
937
6102
3076
6183
5692
9398
5627
5875
852
5270
7978
5084
1324
9881
1544
6710
7522
8766
1081
711
1901
239
6577
2489
9855
2940
5283
2025
1927
1080
6979
4340
7456
9328
5246
5413
2498
443
1644
7640
9506
6652
4787
6341
6817
7439
3208
8418
9110
2521
1486
82
4363
3559
842
8967
9857
5422
4006
9537
6155
9260
1224
5626
3698
2503
4227
1344
4590
1632
1900
136
38
7366
6639
3451
1334
3716
6346
9472
9161
9512
3749
5907
718
6340
3016
8574
3811
7892
1518
5652
7801
9532
6267
8548
2359
7090
2914
716
227
880
4520
50
3079
5604
391
1936
4191
8969
2510
5890
9693
3359
5172
8617
403
5104
6930
5997
5432
4951
3903
9155
8406
9149
2667
9867
3957
7317
7463
2299
3650
5449
298
7480
1725
1937
1739
7395
8995
3480
509
6470
7706
8038
8144
1285
5033
9678
2734
5671
5606
3585
6826
6200
1303
4413
1096
6578
4345
9298
3406
7499
9159
3521
6338
7869
3862
5621
4146
2143
3179
9774
2840
2863
6721
7151
6652
5055
9392
2851
6644
6617
4629
9061
7212
5037
4422
1512
770
1636
2135
9454
2052
7560
2313
3828
5633
7346
7144
9129
2582
1999
592
1307
6828
6549
846
2527
1633
9983
7124
4168
9489
5935
3932
1894
6079
2436
7078
714
2538
6120
3651
2715
5402
8314
5104
4039
8865
6394
3982
1546
285
4097
9061
1242
2249
1631
5959
3328
8980
5011
3188
6932
2584
2185
5597
4803
6076
1512
6268
5139
7073
6902
2104
97
1152
5983
9730
462
8308
9721
6015
6188
1043
3779
1959
1327
1650
8172
5214
5638
2625
4080
9963
1358
7424
8457
1463
4293
9451
8173
3205
1865
6919
6200
3456
7745
4292
4178
6499
3048
7053
8999
4641
8457
7465
3846
1237
5337
1481
7171
8044
2379
5151
1633
8043
2623
269
6878
2093
7
6230
202
9205
1042
3276
6884
3018
7470
6101
6690
1467
9839
2714
5888
6643
4145
7327
436
9693
3436
1701
6397
1757
6406
8745
6185
5640
7450
1563
1489
4156
4443
8143
1568
1499
9376
7757
7463
2547
6350
6071
9647
1063
2199
2571
540
3193
2358
2044
9862
959
4751
8525
3861
2174
7588
4323
406
2539
6795
5642
7989
5879
4669
6481
7245
6013
9535
1647
5643
1127
5496
554
6213
5806
5242
7883
8835
8887
4193
5392
1777
7037
6364
8539
6870
6072
1527
323
4530
8011
8764
4474
847
3250
5369
3898
5562
9577
4598
8801
3377
6116
9994
2486
2458
3385
3725
7499
5145
9404
2142
834
4349
2296
2659
1334
246
7441
1868
4962
3163
7486
8324
7730
6896
2158
7518
2325
1016
1380
879
3552
3278
1186
2004
9738
4022
5486
9763
881
7699
3489
7149
2840
38
7937
6172
3129
7222
2291
2588
6858
8281
2248
729
5356
8172
7233
3828
5672
4590
6724
7289
2906
9546
5774
4276
818
2985
2768
1445
6780
9217
8393
5656
255
4060
2479
4944
3176
6508
1481
633
6364
2496
4139
3587
8198
950
5487
7546
1274
2807
6128
1670
3589
1319
2392
1993
3243
616
687
7211
8035
5459
5708
6882
2654
7561
5004
8104
7922
4776
6526
6165
696
1311
1753
7061
5516
6220
6352
8424
8780
5560
4333
5622
685
2655
9
7988
5344
5155
443
9347
4775
4003
7144
1339
4051
3006
8135
263
6626
9249
3771
8376
3736
3493
3017
2057
1222
8600
9632
8495
6692
8843
8419
7073
3730
7485
620
2032
6115
5322
2093
8900
1949
8369
9229
246
8695
9613
5708
8231
3558
1143
9917
4036
3250
5849
7121
856
679
3366
7743
4800
2246
3502
647
6288
2985
5768
8133
8743
1262
5862
8745
7171
1992
8475
5635
6251
2018
5515
2394
6123
713
324
4895
365
6568
1822
1440
580
5885
8336
369
8137
7844
3479
2194
160
38
5782
1442
9836
9626
9283
3460
5066
8708
3645
370
2870
381
9038
1003
8850
4909
4070
8957
9865
5253
419
4592
4753
1012
7036
9241
209
6815
3691
6900
1390
3659
4666
7418
3302
3482
5450
691
8040
7954
9070
1892
927
6056
8135
5752
4167
149
9801
5591
4453
8300
7264
767
2770
702
1058
6546
3890
242
9339
141
2083
9229
8901
7944
6594
2535
5480
3162
9672
4214
9555
5767
9233
1165
9667
6149
2528
202
2544
3953
7352
2992
4784
6876
1042
2340
5977
2164
5999
5999
7325
8052
4691
1536
2373
7715
4348
2311
8465
2637
1176
5069
7509
6851
1349
3543
5796
1357
8013
9257
8415
9816
645
8630
290
8371
3482
2020
5312
8631
2555
6540
3840
1558
6047
2701
6955
1514
7138
2723
2474
7186
7992
7911
1588
3920
956
5324
7351
7356
580
7690
6867
7833
4372
6644
9108
4797
5183
2250
2440
5338
4041
3351
1118
1587
8729
7468
46
7831
1308
2326
5189
2128
961
8861
1492
5922
9976
1539
8247
6625
2864
9577
1042
997
5565
9866
2626
6631
6384
9726
6345
9352
3440
5071
7515
1015
4161
5756
574
8073
3244
3589
5063
5373
5489
1200
940
4200
9825
9645
1272
9915
3379
6967
8098
3260
409
8405
151
8200
2417
7049
9755
2336
4026
4937
1428
8534
5657
7505
7141
250
6043
6862
6504
2760
6103
542
3215
3712
6599
5648
5083
9712
6566
7593
4341
3479
2361
9594
7852
9978
5360
9801
2007
5756
4345
6761
8922
3085
1683
1781
2662
7911
4156
8260
9528
2104
9195
7972
6366
912
7886
5043
5568
5118
6801
7300
145
6229
588
2868
6225
439
7415
6415
9726
7315
5532
9276
8993
9342
1340
6112
9522
1624
294
289
7070
9848
4568
8733
1321
9020
3717
2522
7260
1404
3501
430
8286
9172
6173
326
311
4772
170
5331
904
3708
3707
9130
6486
8419
3433
7875
2809
1968
4299
1811
1190
2635
2825
216
2314
8486
612
8570
9412
9648
7263
7373
6254
6136
1534
3437
2093
8326
7496
6888
109
1612
8727
4399
4778
8824
4334
2024
9627
466
8832
7004
4239
7687
506
2745
1343
4692
6609
6584
3534
2398
9201
8942
5651
9704
568
4656
3101
7328
6156
7762
5500
1289
5026
7927
1380
8123
2932
8624
9290
3501
4992
8430
3470
8278
4564
2367
4513
3241
1266
2281
2823
9038
6621
683
2051
2249
602
8550
713
4745
915
957
8340
4912
7632
7685
3242
602
4397
323
9416
6408
1687
862
8957
3968
3787
5385
2499
1534
208
7393
388
5952
2031
4429
4844
1426
5425
438
2545
4760
2994
3076
559
8080
5763
6719
7055
8662
8469
7737
2498
9617
9460
990
2732
9089
3515
4587
8438
2047
6483
8856
933
9846
6217
2439
2827
3224
3050
5038
5853
160
225
7821
2109
9441
6029
2407
2573
9990
9434
8622
538
4945
2920
564
6956
3920
839
515
6982
5674
1629
7020
3536
7458
8795
5594
9302
2716
7532
8560
3604
251
8482
8244
5540
2575
4995
5557
3499
8141
5092
7518
1381
8249
7040
3587
8085
8859
4932
9775
4735
9849
1828
6000
1328
2155
4860
8501
3322
6896
2748
6215
7568
5889
2471
6464
9955
7320
1031
5685
6070
8546
2895
4106
9895
9819
2105
7957
6835
3660
3105
4112
5332
157
5967
7
3122
1451
1673
3619
4119
2850
8679
99
4183
1623
5126
7010
3247
307
3324
3317
2082
3843
6352
7886
4245
9034
5130
9273
6544
4350
3795
1235
2897
7140
3713
406
2649
6292
2501
3462
1055
4655
3940
4523
8786
2608
6232
2363
2651
8587
5990
4478
8544
8542
7554
4252
2947
4094
8721
1715
2936
295
193
2250
7721
1021
5879
7795
6848
1039
5461
684
4083
8346
9505
533
8491
3734
5647
1374
227
936
6417
9124
9948
5114
4984
9877
9011
2953
3475
9301
2446
7870
6484
2326
1516
137
6178
9714
6298
9873
3123
9078
7832
8239
3712
8970
2595
9812
7284
7708
7163
5064
6404
5367
5649
2158
5749
124
8680
2342
9574
9442
1228
1470
5452
7687
2349
8141
9370
9664
4644
976
615
4222
2372
6122
5380
5427
1783
7803
7128
2532
590
3483
9227
4481
7972
4226
7586
1120
5636
2891
6240
9795
1411
5636
3227
5194
3600
5184
9385
1036
4840
7133
1131
6648
3877
1670
5659
4226
1258
6174
4941
3851
1594
8405
395
9555
2444
7016
8020
7714
1388
7734
1656
4524
9773
446
7648
2089
1396
212
2528
1279
159
6946
8032
5806
6871
3210
5709
5817
5300
8408
573
2903
7384
886
3805
6460
4518
443
9112
2341
3309
429
939
686
8766
9451
2226
5639
3021
9634
8050
5281
1469
7177
3169
4430
5831
4851
6461
2932
9992
8427
3954
8806
2247
2605
2099
9663
4149
2490
2378
6859
6748
5124
9738
6624
5854
3022
2857
8140
208
2060
623
631
7721
5899
817
7537
2480
8658
8128
3596
6852
4865
7489
2361
7921
8560
1256
5199
6230
3532
9680
4193
3426
1947
33
6113
6252
5819
8214
8590
3160
5759
6482
2374
7842
7373
8604
3865
5072
9433
9990
3990
9869
5817
1547
6727
1231
8107
5683
3250
5082
5087
9321
4999
5037
1394
860
7454
7856
8034
2815
1722
3690
94
7539
9632
8286
5019
3032
1346
5672
1500
8138
1187
4626
2378
545
7669
4528
9660
9312
1768
5691
8982
5262
3581
191
708
4962
2089
185
404
7430
2966
5129
2736
7458
8252
8094
3107
4144
6422
1620
1703
3312
9876
9275
9323
8529
3719
7607
1613
1474
7638
396
1399
9780
5544
6067
4627
3810
2711
9546
3047
6547
3714
3988
1781
5203
3607
8470
8135
6973
1340
2065
2752
3677
8368
342
9267
9807
8224
8170
396
7312
1243
8074
7206
4251
2730
1729
3159
1800
5129
9754
4155
8286
3786
1130
4256
9752
3873
1408
7556
6187
5807
2762
3565
9134
9502
4881
4242
7291
1905
4358
8917
3406
149
486
3987
4023
1464
4188
7227
2865
5953
1329
7420
5387
7625
4220
5354
9575
2386
5696
6226
6173
2798
2144
3853
5525
2308
6848
2166
5140
9799
9070
8532
1363
9757
4653
9596
9183
7390
1477
3760
2402
2635
2922
8829
18
3694
7407
8419
6811
949
1945
8129
7179
2033
6016
501
7652
4430
3331
5840
5335
3645
856
7691
4472
1348
7699
324
192
2821
2281
7655
1671
4032
205
7715
1955
5093
2617
9653
166
6668
4047
4362
4098
434
1279
4081
5083
3552
5086
287
8456
113
89
8937
5226
933
4783
2945
7325
6610
8222
8020
5252
7671
5344
1290
4028
6104
4826
6510
7392
2797
5990
9858
5830
6716
4043
6180
2391
2291
5951
5234
7962
5153
253
1325
885
7971
5777
96
208
6878
3968
3268
6181
2739
9985
6995
5834
880
9671
8355
1789
6980
5836
5515
1164
5682
9342
7784
4021
2420
3543
1981
4243
7402
6426
9783
7780
4277
7605
4878
1918
5480
6751
7034
2818
3440
5942
5339
573
2592
3434
1171
852
1666
3528
3897
2596
9766
8185
4852
4254
8433
1911
9692
4786
6334
8543
6167
663
4405
1743
3508
5522
7473
7765
6384
1954
1821
3677
2497
7130
5278
339
868
6838
3528
3906
9381
950
1379
9988
6585
7676
2976
6079
1443
665
7727
7927
3640
8347
3702
3036
2668
4015
1038
9794
1516
7097
6284
5506
2385
3040
4349
3612
9545
2965
6417
2124
145
6653
3692
1145
6209
1027
4722
8926
6765
7589
5551
7763
7209
3201
2038
479
3798
5728
4225
4270
6780
113
2731
343
8326
9422
3603
3243
6272
6322
6678
110
3938
2654
2065
2762
4829
1288
2938
9772
2699
3270
7347
2036
5616
4885
956
1734
4349
868
1694
5923
121
5766
2706
4574
1230
1352
1700
953
1978
4737
2479
9977
242
6915
5544
1335
3285
2309
1363
2843
4334
7894
5000
3751
4733
2940
1649
8489
4403
5029
2981
9408
2347
8919
9604
6599
47
9474
6975
1706
6438
9512
3163
5607
1504
6255
3191
4688
1735
9775
1548
6085
2023
2911
488
1477
9867
1864
4106
9989
4375
8831
6046
5450
2385
1141
6344
690
6602
471
7667
1405
866
2151
6466
5104
9630
7999
8747
419
2968
8587
5321
2377
2510
7866
3555
4865
126
2072
2158
4438
1280
6160
280
4915
299
4370
7148
3973
7233
4025
101
2044
5588
1984
4181
5001
8287
1227
3083
2354
7725
2321
9636
2531
7809
3284
4432
1522
5756
3445
5215
7357
8396
8035
9701
3948
6701
2038
2890
4674
3371
5258
2944
983
5710
4561
9306
2255
232
4507
5579
4445
1052
7202
4217
8023
9335
393
2118
9997
8349
5338
8113
6915
64
1896
3096
806
4660
1814
7040
3221
6115
8861
9314
9138
2199
8336
7802
4794
1262
8350
836
9322
6215
9205
8085
9980
1854
6520
1001
5707
628
6931
9258
5696
8183
853
4521
6945
1300
7042
9707
7836
6922
3202
8529
3427
5892
4983
970
5245
3149
5992
159
7267
3523
740
4212
5141
989
7115
425
2250
3019
2434
1447
8679
988
5298
336
9038
2804
3021
1447
9107
6638
7961
7889
9268
900
3688
8809
3908
4709
5867
3736
1073
4933
8118
7001
454
7921
4403
3276
9651
3790
501
4803
9431
1880
3684
983
4679
8642
5543
7331
5194
6175
7367
5389
9625
7096
8278
7773
3330
3506
4480
9067
989
212
5870
8881
2292
5581
1060
2496
631
7916
4214
4703
2492
8638
3235
4611
9252
414
1708
3792
9923
8900
3059
2801
7196
8075
9555
6782
6987
9334
4385
2926
3682
4964
340
2588
3246
9432
7252
9769
7247
3511
2489
7253
1882
6130
8080
5517
5890
2424
9859
6045
5569
3339
4342
806
9252
506
5533
7961
7600
221
4340
9947
6044
2272
9655
5128
8616
5308
2674
1787
9935
6363
5671
1713
5301
3101
6839
6991
4852
3063
5939
7028
111
799
9046
9646
4557
8428
9444
2528
3373
1554
3897
5749
8566
7789
6118
2361
1444
4905
5999
6429
4916
1511
6772
3471
2007
9784
5555
2310
4335
8730
9197
3163
4030
9233
118
2343
8136
9398
9877
7058
5235
2898
1698
8205
2820
3586
5972
9921
4758
7827
7767
6871
7735
6315
3753
9618
7388
1179
2824
8224
8669
3486
2243
3814
3433
2569
3419
1469
1893
957
2716
7746
6484
1195
5619
9975
8556
9226
8920
5248
6753
4941
373
5630
9994
8095
4988
3077
5539
690
6400
2428
6072
4303
524
9610
3692
6373
293
6935
2404
3338
9483
252
615
3699
6994
4365
895
2550
3793
2238
283
9359
6487
770
9731
6115
1695
6884
6674
9789
7741
3955
9988
8112
9489
8922
6369
645
9596
3767
9114
7725
4686
4822
2308
6164
7651
7262
5946
7014
9772
1444
9045
270
6754
340
4907
6449
9603
7861
1902
134
6403
6044
3761
3097
8219
3688
1589
6006
3592
9009
6732
4986
3399
3614
3433
5222
5526
3032
3158
8467
7088
9864
1032
6817
4718
9554
6173
1175
6141
7552
1108
3388
1179
2849
341
2846
8713
3097
4537
8232
4663
1225
1938
3436
6503
8842
4316
7445
1019
4596
2824
8491
6201
1042
9650
4063
6564
9162
5481
3164
3709
6539
3826
8735
8426
6887
2230
6311
983
6112
5499
849
4787
366
6141
9374
9322
7182
1025
899
2562
7475
9533
7473
3888
2806
6935
1406
9390
5033
3513
8511
9482
1423
4593
183
7749
4521
9519
3807
1592
5778
6503
2811
4094
6094
1374
527
425
9147
3982
1322
1631
1636
7227
4724
4088
5428
9515
2755
6134
280
6122
7164
9469
3147
8042
7437
6277
1222
7631
7761
7274
4288
8881
5468
80
8561
214
9885
5761
1697
2188
3860
9494
8256
6809
2849
5770
4727
6336
7240
2411
6157
4838
910
9712
4534
3184
2634
5297
6234
2430
3483
1080
6274
2270
1363
2172
5365
555
7151
409
2058
603
8175
6844
3847
9024
1690
5364
764
6141
8511
2322
5183
4553
3241
8292
2187
6340
9413
2007
3298
638
9474
5255
4332
2122
3636
9253
3299
4090
9483
5242
8846
1069
1510
3363
7584
111
1381
1583
4649
1355
966
2122
9290
7667
1231
6003
9527
2385
5720
4139
4696
7756
3678
4419
3702
390
3212
6950
5053
6231
5324
39
7097
2016
9571
5805
5021
7885
3608
3136
3654
1476
921
5816
7678
7622
4384
5905
2584
3307
1500
2138
6225
2574
4822
2419
2690
1516
3537
454
7288
6289
6751
7437
3460
4501
8751
2947
1570
304
6669
9860
3972
6033
8821
1270
1100
2790
8920
4739
589
1656
2561
4115
9856
3
7627
1286
1598
9676
6864
1741
4153
2972
4884
9166
3812
5648
7545
4121
5284
6166
5509
5667
2575
7102
3363
121
3498
6812
5680
3587
7640
8962
7348
4773
9798
8873
981
8905
6480
283
9582
9981
1120
2849
6004
7750
9073
8716
9273
4779
3331
5882
139
577
4990
8584
9074
4310
4620
4095
4970
1768
4029
9746
4578
50
3293
1837
3847
3181
8506
940
2300
2617
3134
4141
3364
4299
9305
2088
4294
546
537
3351
3041
4298
1576
6837
2539
1525
2076
2827
8741
1216
4907
6557
3676
4938
5538
2951
4018
519
4030
4724
3439
9098
3378
1721
1564
1800
5989
6616
1972
4897
4707
3364
4955
8335
4822
1192
9790
5267
217
831
440
6066
3988
1309
1924
726
4261
6030
7725
7478
692
3986
947
1604
804
2805
2502
4321
3256
6213
3442
7714
5237
8301
4722
8802
7600
6739
1242
389
2096
9012
1213
8894
2329
7829
7387
6131
3693
342
8091
9844
6251
5944
4359
7277
6937
3498
5876
1885
3506
1977
6065
2514
3876
6012
7965
5119
7753
9035
1513
1718
6099
3468
557
7912
7081
5489
2967
3149
6498
757
3787
5835
7657
6572
8644
3836
1977
6703
4670
4866
3272
572
6727
9200
2064
3866
9226
6630
2910
6178
4023
2949
8464
2170
4024
1155
330
1478
1642
9862
5436
9358
1433
3103
6738
4471
2126
4105
6692
9261
9785
78
6100
2464
5850
7399
9209
1552
3770
4404
3796
5146
1418
9181
6279
5982
2842
8878
7579
5365
3604
8377
4666
3826
7583
659
729
3780
6704
8194
9895
9871
1531
5695
7067
6787
3253
7780
1484
3819
56
1430
2594
1026
1147
4051
2857
5108
6021
4709
7093
8099
6559
1389
1935
5780
8397
3890
3531
5633
2227
8262
7754
7973
756
639
9241
9883
4901
7195
10
8728
8581
3914
9138
9383
5458
2454
6317
1109
8633
5021
9617
7593
5788
1304
7441
6401
2429
6926
5200
319
7726
2715
8329
9290
710
8228
3837
3374
6126
2406
8006
9597
4754
1340
7730
9074
7249
9063
9482
3064
7073
7495
1900
1065
3716
333
9
4429
805
7259
769
5770
9214
1761
459
3699
2344
1484
8629
605
1190
8539
7673
293
2709
3818
4715
9078
3917
583
2847
6345
8204
8541
2090
1662
5255
7977
2556
6594
9898
604
3050
9674
622
2878
4314
2870
3067
9452
68
7458
5174
7229
1197
8086
6074
1647
7300
3587
551
3365
3928
9109
5703
5669
7512
5889
2191
4041
3467
2721
8997
5114
3654
6749
5717
2278
6354
1479
9408
8716
1160
759
239
1707
9236
542
4496
3
1168
603
3444
2735
2533
1114
4607
6983
9758
5604
7833
9020
8985
5639
257
6849
8754
8575
9862
1343
4553
2459
9158
8682
1179
6479
3100
4109
5530
2929
4885
6319
6115
5092
3584
7457
7242
5734
6520
186
4881
7561
7907
6390
6308
7263
1697
8931
5395
425
562
4369
1407
3168
1018
330
1940
4986
9163
7970
5472
4816
7203
6941
7152
9208
6133
6544
6936
8036
5009
8483
3427
8233
4644
422
5872
8122
9676
213
2222
5468
3790
4664
8207
342
4738
2393
7745
8308
207
9465
5335
427
5155
6631
6430
3705
6028
4983
3812
8890
2668
3370
1183
8899
3244
3108
3584
51
8430
5684
1143
3571
9842
9163
8963
9784
6627
8121
5961
8650
8617
2241
1251
1108
3297
5173
275
8629
4230
4997
7033
23
2998
8496
4008
5810
211
8126
6541
7099
6824
4270
4690
1646
1655
3013
7634
107
396
226
573
2254
6691
6538
9867
868
4708
4642
1661
9902
5522
2799
3221
3504
5133
4037
6263
8785
2976
739
119
9182
2008
2806
9377
9043
2351
7102
7385
8851
5257
4761
7261
926
5184
9256
2682
2738
7797
5983
6970
298
5979
902
3456
5952
7704
7938
6324
4557
9999
8668
5487
1833
241
245
4847
3883
7120
3149
4521
9377
2721
2428
1838
9677
742
749
763
2264
8515
8754
8407
2671
5375
273
9446
7296
561
4006
1199
513
5007
9854
5203
9400
5851
252
2178
4178
9816
9708
8486
9889
3044
7622
4804
4761
534
1343
5988
6632
0
4624
8122
4093
418
7775
1199
8347
5616
962
9962
5898
5025
3635
3902
7281
2528
8292
97
4762
4324
2407
5354
9137
7822
3855
1251
7490
9637
1629
7794
9717
9270
9063
6276
7271
1870
8683
7913
7927
2876
875
4550
3417
323
8657
541
9917
6339
8854
7272
4191
6149
8419
373
6804
4926
9218
9675
6462
7858
1031
7838
8301
7739
1087
4427
1591
5826
8385
9244
5204
638
5159
7014
2321
3528
959
7687
2274
3606
6462
1349
3910
7548
1901
6783
5411
3163
8582
8671
6274
4768
1811
5586
1365
1978
9991
4551
150
8840
4253
792
7746
6711
6589
894
3907
1790
2906
9935
3612
697
9800
8219
4168
2799
2949
1963
5369
2244
9228
1656
223
7284
197
5751
8711
2039
622
5390
8016
9321
2011
1099
850
8280
9703
8861
6272
5533
656
301
1554
2004
3029
5359
5536
9916
1937
1753
1966
5456
4030
5876
9873
2885
3006
4264
3713
7159
1753
1739
6978
2994
5517
9203
5593
3184
5378
9115
1021
