256
9352
3531
2692
2973
5152
4097
1540
9081
5657
5357
7982
3031
7186
4829
7336
4461
6490
1200
5314
3027
6147
261
5718
6640
7848
5676
8132
1951
3948
8990
8929
4253
8771
4486
2146
6786
3955
5316
8909
6839
2243
8999
4227
1772
3979
8433
4853
9466
8247
8003
7621
112
1281
7133
9717
7848
7835
9382
5110
4416
5567
1864
3376
7857
4043
7948
1314
8867
4156
3303
9120
5909
6461
4564
8050
835
1762
4357
688
9315
9898
1599
3008
3605
5331
286
8366
4262
4840
5116
6286
7809
4150
1148
6346
4912
3275
7157
6093
9368
5564
1407
7245
515
2155
72
2034
2480
5440
5894
7161
1031
8661
8599
7175
2507
4716
1655
3710
942
9971
9281
6663
8631
3299
2285
8800
2718
289
310
4416
9336
5000
3922
4915
6601
8795
9804
4253
7964
7256
4294
2095
7329
1079
7242
278
6189
961
306
7980
9476
3701
3636
3696
3783
6889
2310
7660
8408
959
6589
5358
3567
512
6767
250
8887
361
7252
9410
9422
2026
9481
4115
5568
7695
3472
5052
3304
3595
6895
634
5752
5512
6620
2283
9482
4680
4790
6573
2511
9200
7374
1868
7751
7297
2631
485
577
4331
3144
4019
1760
1903
8638
1620
1839
7662
3794
1264
1364
3051
9735
9161
8605
2457
1167
1497
7893
4443
5018
7007
7112
2479
5991
8747
9597
1744
1967
8675
8847
3052
146
1425
948
188
8837
2089
4067
1125
4190
75
1176
1571
9529
6259
1701
5878
2753
2257
7341
8548
2514
1918
9279
