2048
3721
5241
6987
3006
4441
5458
3504
7979
6356
5774
3031
8597
8229
693
3022
3837
3402
871
1738
4057
8838
7732
678
6520
1361
3953
7690
5453
8836
2967
2889
1252
6747
7586
1324
6317
8600
3740
970
3517
7808
7050
4125
1322
9861
7993
6894
9416
5726
1241
9470
5780
447
1007
8283
4207
6602
1121
8818
2786
6880
3940
4528
2114
8581
5439
3388
8406
7992
4416
8599
7178
7290
1917
9586
6899
6994
8021
7272
7946
8591
6029
9401
870
5142
3634
8528
2763
3992
9809
6316
7284
5418
577
2435
3377
7581
2860
5357
3885
6394
8319
8563
203
1214
5068
171
9209
4096
777
6398
8069
8299
7473
3059
7665
8504
4987
8974
9270
995
9729
233
6357
4783
8464
6387
9126
1636
2181
5442
6200
5583
9112
7043
779
844
8552
4602
1205
2323
9764
4773
3613
7997
9899
1789
8370
3789
7892
5788
8532
6622
7808
7126
490
6214
415
9959
6666
2162
1316
3129
7403
4816
6496
2617
8421
6910
1696
9730
4257
7384
3738
4208
7123
1110
3734
5944
8353
2930
443
9140
1389
4051
9517
4040
3774
7339
5904
30
1721
8617
5735
4617
1942
4057
3781
5775
3342
8798
4080
3025
8837
4238
5986
8000
858
6289
5132
8712
7599
863
4570
9405
161
4930
8892
3684
5639
4416
357
715
1723
5160
4101
2340
1600
4807
7803
9323
9530
5422
8752
5078
6703
8275
2188
9528
4704
1660
2048
1513
7490
6434
5501
5900
9851
852
9202
9656
1226
2948
5730
8693
4145
2154
7988
9208
4446
3375
273
3195
3964
8291
8386
6471
919
8094
2797
1537
3270
1495
4534
2923
9750
3052
7451
8071
3135
7499
666
526
5230
8800
5743
7752
7350
9060
9532
1673
5292
8056
6723
5582
8711
1097
5168
5615
5088
1855
9742
1247
7962
8913
5149
2315
8942
5180
1108
7921
807
5126
45
6287
5532
9878
1497
8966
680
2894
5182
1571
3063
9918
616
1001
4425
9187
1596
4006
4465
7330
4191
523
7315
3099
9933
3898
6630
2727
3460
7126
6217
2513
2932
1143
9394
9142
163
200
6704
8057
6808
9734
6850
8896
2244
8865
9933
1791
5882
4399
6651
6158
9802
5081
4608
1639
9247
6647
2964
1319
1438
1080
6865
8629
4513
2931
6481
7318
3037
9409
6340
2425
1780
4378
5866
3439
5689
710
1493
721
1812
1781
5273
7868
5662
282
5774
5564
3175
4525
821
6955
7724
5661
9577
4667
8743
1702
4251
3403
6236
7458
4276
1427
5284
4196
5491
2542
7627
7784
7901
1443
1438
9848
9947
6861
9954
6682
3998
3703
7694
799
3626
457
4481
6378
4689
5268
3064
193
4249
3560
6527
6287
5597
9782
1403
3599
1345
5705
5522
2580
8275
2788
8344
2023
7920
5193
6570
4817
1040
6964
9978
4556
4198
7930
4252
6283
1681
7844
5977
3368
421
6732
808
8952
2194
617
6571
6115
4110
7277
8207
3045
2575
2632
4325
7814
7603
5853
6468
2425
4812
326
7055
5722
6085
6513
8324
7348
1905
3980
6159
2805
4456
3606
9016
9061
6070
5759
4849
5506
9409
2703
1719
6526
5843
8540
9254
6763
115
2490
2624
5907
718
3409
9556
3393
1836
673
2798
1340
457
2549
5139
8281
1874
1177
5182
4391
5088
1217
1207
1652
3551
8666
3998
443
8992
8331
6146
7420
8018
2055
6279
5741
849
4926
9385
1116
4171
1764
9413
3871
7973
5301
9087
8342
1477
7978
4864
3358
1059
5886
6050
585
3290
4138
703
6256
6110
3217
2940
257
8342
5608
6589
2559
2047
2615
4178
1086
5681
9064
1778
2621
4045
5634
1721
5045
3812
8484
3022
6453
9948
7014
1845
6987
2627
5935
7767
8360
9246
1654
9161
1798
1230
5265
5602
8551
4963
4495
7329
9381
9563
4766
659
816
6860
7186
4419
3587
885
6230
4612
2107
9415
9597
4456
388
7827
5729
6265
9557
9596
1990
9221
6643
2696
7404
8643
7596
6600
6782
9191
2794
2192
539
4844
3451
221
8934
9234
176
4164
1218
9010
5278
8594
3011
8751
3208
181
8522
2498
4354
7138
3934
4169
4116
2960
4159
8448
4525
6284
7720
456
6414
3957
770
1972
2584
7896
68
1368
8529
8083
3107
5680
7136
3988
4585
8814
620
6109
6187
1944
1026
9813
2049
4162
2215
9870
6704
1
6353
2863
3769
3797
7701
6356
7472
8949
7937
1141
8177
1795
8534
7632
8334
879
363
8624
3821
5942
7467
7190
2778
3837
3422
1695
9756
5800
3277
2555
2952
1729
1620
3661
3418
3410
9971
373
3328
844
8918
3480
6403
3879
1856
5579
687
7677
2842
5354
515
1188
6898
9739
1688
4007
9214
4446
5780
3718
938
6614
7972
1896
8276
8329
1764
1281
7768
7531
860
7611
4477
1601
9961
8062
2944
5438
2669
3129
7282
1991
7730
1919
5614
9534
5952
6615
1771
5475
5313
2773
8301
7006
8315
8415
8214
884
4927
9377
2889
6112
3408
3325
3082
8364
4105
3434
1419
9588
1965
9247
5712
3215
6890
4021
8992
4472
7909
1445
5683
5826
9885
4486
1204
7850
3675
5942
8719
4943
3339
5221
3905
5583
7281
7892
4985
6124
2852
3101
7256
7477
4475
2434
2688
2096
5140
1457
6879
996
9011
7002
1286
6558
6789
2090
4526
3384
9754
3005
8246
9316
7442
8675
6533
4317
7468
2722
8092
7195
4554
4400
9261
8956
6005
9678
9028
1970
9961
3026
4403
885
6628
242
5622
6393
6943
5160
3970
1707
9681
6601
57
576
3740
3512
5731
3967
581
772
3084
3858
2176
9415
9050
2831
9879
2268
1865
1836
262
1547
8099
6132
3939
4449
2350
6833
7608
5217
7385
8198
5821
3157
647
3093
2553
160
8907
2454
2332
1281
3775
9827
6238
5474
4651
2479
2066
7050
7835
3070
7024
1656
886
4006
8269
2320
1226
5646
7420
8765
3306
6543
362
7975
7396
3529
5561
5304
9915
7040
4239
3643
6151
6149
7575
1729
7934
3651
8957
4312
250
8428
668
2459
7797
4880
5251
1735
1116
5956
2695
8685
5971
7156
3892
1705
3528
9217
1344
5459
349
2285
3552
1296
8846
4186
7353
693
5299
116
9385
2813
361
1570
2107
2145
6764
4171
7421
804
9414
658
2457
2407
6143
7857
3621
3026
9973
7149
4783
3519
2608
3772
6867
7785
440
6312
6259
16
2272
270
4108
2757
1709
7643
5532
8447
3733
2843
9534
513
7259
561
6064
7018
573
1863
3862
4893
3077
5140
3136
6716
2702
9871
6266
2979
5604
8116
4273
5028
6452
6379
2152
9758
3762
364
9213
7093
362
6094
2812
3635
9335
3741
6634
6495
5470
3947
397
6941
4330
1287
8596
1172
627
9466
4695
340
2439
2837
4211
8409
1292
5118
3339
9112
2396
4015
1871
1949
9206
8939
2110
4842
2241
6660
3864
1510
6485
877
9156
5681
8491
6705
8757
8712
4267
2475
865
9159
4152
3790
7192
6375
9321
7084
9070
6466
8270
4907
700
1229
7968
3477
9866
9488
3356
3599
3923
8922
7356
7520
5583
3647
254
9821
8030
6706
8965
8835
8056
6451
1689
9827
2443
5982
5859
5296
6639
3493
1297
3498
9098
7172
3714
1442
9183
9874
9478
5969
9535
9812
5321
3595
6129
2412
8691
3825
9284
1341
5485
5783
2272
8079
5004
8390
5311
3828
9347
2206
689
1946
5683
6806
8810
3574
1206
2318
2725
4525
7411
3217
1160
3743
3869
8654
3449
4085
196
8231
109
4757
9789
5210
8087
6415
5356
6326
5668
4200
7642
6358
8565
8686
8315
6701
1069
4415
2990
6164
6012
7754
9007
6072
2474
131
8206
8876
1737
3378
358
433
2676
9547
5333
4912
6754
7438
3874
387
7708
1461
9729
1996
2719
7387
8304
7007
4239
6623
7181
6232
5440
5833
3295
2178
9095
4009
1982
2436
5358
8200
9633
8827
272
9762
6994
9344
982
5345
3607
9967
5523
545
4967
8548
1209
723
4607
1697
5311
9440
7277
1355
1286
3345
7225
7942
4022
3419
8770
4039
5673
2246
5626
525
2498
8152
831
1273
4362
7364
7847
4853
7269
8324
8781
4390
8570
1146
1736
5675
2363
5712
4455
8008
7591
9589
9819
9422
1867
9582
41
1248
5674
4694
4665
5084
2999
8757
4877
9304
7032
8333
3191
5368
9551
3121
2920
7401
4332
1649
1464
4422
5172
2956
2350
3188
5008
3110
9939
5900
2909
7306
1720
4983
3792
8680
5268
6584
5755
5398
4635
6705
2478
7224
2102
3763
9570
7665
774
3708
5279
1713
5825
6612
2531
7571
4361
4161
8489
5697
1660
8717
9722
7808
2951
5497
7918
4373
6982
105
5820
2126
5743
4833
14
7833
606
4206
3783
1831
8837
1512
5474
5831
5127
348
3670
2588
3169
3350
5405
4344
1276
1135
1919
2980
5595
5316
3486
5941
1329
8362
8206
8831
9876
8012
6235
7602
4769
4254
7665
1242
8644
94
6183
9207
1873
7650
298
4016
6503
8373
7625
6715
7714
3885
5404
5761
8061
8753
8981
4551
5191
966
3070
4402
2945
254
2363
2025
8500
6310
5403
3004
8237
1497
717
506
5961
9957
9809
7057
8322
2455
2300
499
5343
1743
374
7779
9534
8237
8347
8840
4318
5355
3166
3518
6793
7519
4688
4743
1345
5455
3763
5145
3835
917
1852
759
6852
9819
1652
667
307
6875
2577
915
8204
2563
6755
8871
3163
5923
9979
293
2883
4065
8324
7484
2556
8793
7383
4694
9106
8297
5613
2461
1177
1614
3907
9924
8337
3142
8622
9201
861
6461
8986
6315
2684
34
6153
9592
9015
457
5144
6241
1169
6105
5068
4377
5784
3902
5848
7290
5380
5052
9639
2428
7164
935
8771
6182
42
2271
4330
2202
7256
634
6595
9405
7385
8569
8677
2946
5142
8264
3141
1101
2638
1088
5159
5374
9137
8996
6075
8422
7072
3077
3698
4534
9698
3439
1850
1259
8269
2558
4669
773
647
555
1804
7949
5626
3971
2123
316
3425
4483
1246
3494
8043
5529
3957
7746
6777
3207
4532
370
368
5900
4645
7907
8938
6333
1940
169
3539
7184
1459
7024
9551
8685
8033
3642
7422
1936
8439
5714
714
4210
1756
7257
1882
2809
7246
8961
6193
1091
6791
5076
454
1668
8867
7521
7380
3659
8459
533
138
6651
1736
6090
4946
1875
4025
5698
5850
6930
697
449
3924
8661
6114
8162
5969
2664
9194
8027
1908
5456
3534
8056
3960
440
1437
5257
7099
1081
409
1081
9062
7922
1993
1786
9062
5664
6755
2135
7058
3547
6768
3963
1581
2000
8469
9161
5912
4254
2727
5117
7336
2093
9436
674
4330
7927
4499
3905
8405
9471
5653
2392
6663
4894
1815
68
2911
3159
6170
6498
6013
7698
950
2189
1642
1879
7701
4672
5701
7056
1667
1650
9522
8569
9000
3220
9917
618
8457
8022
9293
9266
1799
6492
5513
6121
9260
2136
7459
3056
812
1253
9170
3666
741
5909
4900
9273
4846
9517
6840
2090
3194
3110
7023
4562
2395
4969
4813
1232
5891
6826
8503
8039
6790
317
5999
9309
8346
7225
8236
1811
3149
5425
4210
9334
996
6748
6946
1268
7546
4352
6146
7894
6125
4741
4601
3204
5143
8189
9312
4338
3404
7819
7836
6816
5001
6305
5839
7023
6154
5985
3719
2857
6842
569
23
3462
7070
4788
5092
7252
1581
7937
7155
2688
8489
9573
337
5881
9392
6677
2938
4768
8553
5943
3560
8140
2719
8175
2499
4936
4416
8747
239
6019
1617
351
9189
2774
7494
3402
6743
779
3745
1919
6512
258
8710
7212
7523
7615
6724
946
1735
1881
7600
1403
6771
3190
2552
5710
4816
2410
5146
8200
2156
9498
3252
2967
97
2237
3741
5704
3013
3234
6084
7762
3207
9270
892
3463
2929
2804
8946
4545
8225
9605
2252
457
1483
5835
3109
238
347
8886
8931
5036
1619
720
4962
8514
9263
1031
2852
5637
6819
675
1278
2040
4283
964
4080
8582
2609
4701
5314
9317
939
1854
3958
6179
900
4349
5804
8235
648
7770
588
13
1769
9224
1155
6042
3080
6635
1918
9158
1574
1126
4873
2813
7565
2844
456
6321
7283
128
615
5767
583
7787
4213
1957
3248
8340
571
9173
3552
3872
5981
7367
7744
8609
735
2982
831
1618
2258
3357
7211
5081
1116
3597
1425
3659
590
2159
8174
8462
5821
23
6853
3742
2448
2629
9569
159
4768
6647
8378
144
