8192
338
4048
664
6360
8840
102
6134
7864
6635
2408
5857
4994
481
2362
9880
4897
4810
8258
9263
408
243
3054
5842
9082
6146
6055
132
2593
3398
5389
370
2979
8195
7890
6091
8270
8882
6677
3022
7268
5820
5704
3466
5896
3680
5947
6067
9167
2782
9577
5782
4801
8473
1049
7279
5447
4527
5741
2736
8714
3662
3422
7676
5081
8521
2576
9658
2003
8188
7451
6336
9433
6591
6445
5283
5115
2266
5773
2020
7932
7732
107
9105
2139
5112
2136
3466
5489
7464
8529
9518
7147
8361
8357
9203
5754
8129
3754
5393
5881
3760
102
4381
9940
5459
2709
8349
1081
7474
9368
6131
8184
961
2252
1973
6584
8767
2125
2736
9346
2500
6793
2174
9147
6793
1470
5639
9481
3625
9209
2685
500
8672
3873
1461
4877
304
9848
1872
7595
4334
1488
646
5632
9895
3404
3801
9132
6590
3731
4931
9818
2266
7407
1447
1741
8774
107
9051
1962
6847
8363
436
5450
6052
2634
3933
9288
6962
3050
730
2416
9479
8240
312
2813
3960
7082
9962
113
7193
5632
9895
3319
6662
9704
2588
2474
7342
5623
541
3820
734
9615
7082
3444
4614
1851
6559
6957
2139
9164
4240
6457
3979
2618
1989
6810
5589
5622
1911
7049
5104
9864
4846
9595
2252
5014
6900
5360
8089
3501
7687
9125
7751
6362
5163
9269
680
2109
5248
6625
5010
708
9510
9228
4237
5844
2890
3956
4103
8403
7026
8459
3702
9045
1382
4206
7734
8046
6534
8908
1063
2188
4259
6702
2857
5745
2640
6899
6959
8521
4891
7231
1443
7321
8198
6796
6590
9467
6426
5411
9489
3842
6139
2347
3508
333
7466
3852
7542
1870
6736
2706
4874
1114
851
100
1347
2916
407
2420
1081
779
5451
1623
8909
6678
4935
4592
2061
9657
9781
1190
9968
4749
6033
2200
5464
6787
630
6990
9154
7381
547
9618
1455
5336
5028
6024
2853
66
5501
7204
9171
5323
2100
8244
9624
3757
6830
905
9588
7265
1466
894
8987
6309
7171
2910
1294
5342
7295
6532
1035
2999
855
5915
2340
116
9501
73
1809
5859
9129
277
9751
8413
9489
2951
1293
9066
4634
996
9388
850
7635
8791
3149
5747
8134
7532
8865
8206
3934
9684
5886
5987
1314
9627
5583
2195
4615
5908
8642
1783
6688
789
9573
8538
9830
6035
2336
5414
7373
8210
1913
8545
4481
9973
6108
3907
2662
2316
7217
8193
5699
2071
189
4812
1986
197
7762
3505
1360
624
7289
9498
872
7640
7160
4428
2028
7046
9921
4197
2638
4717
1371
9815
4308
354
3000
2386
6730
3726
2956
7734
9285
1791
4081
3641
409
3301
9876
5319
2520
6826
2116
5717
991
2746
4420
2027
4021
1171
1015
8552
3863
9381
2902
7814
8670
265
4414
7661
3212
2751
3928
409
47
6706
1505
9116
385
8971
2923
1074
5931
1035
2331
8875
5826
3485
4240
3914
1199
5510
5879
8240
3553
5927
6026
6516
5494
1951
9850
1004
2148
4703
4360
6492
1482
2195
1672
7482
591
6537
1276
3964
3481
8539
4237
7682
589
3600
272
3901
2509
7134
7148
820
5027
8016
2892
5184
1241
2099
26
5312
830
5293
2835
2566
5246
339
7034
5220
7265
2928
2118
5315
4136
2253
5396
1497
5001
3197
1470
5588
5510
6183
4967
2785
3392
5011
5694
5469
4113
3595
4886
279
4386
3371
8788
4619
5873
4489
7639
9055
12
3482
7668
28
3961
9064
8713
7134
1135
5875
3640
3169
7363
2638
6000
8002
3710
3074
2732
3285
1391
6957
642
2052
1188
1435
8925
6451
173
6998
3986
6276
1114
6754
2531
8363
1169
361
8077
2142
682
7526
1272
8769
2025
7344
3740
4059
7957
6179
5801
8290
8281
8346
679
3355
8838
1310
1119
4703
409
9278
7286
4349
8377
5360
2529
4306
7107
1262
9530
6935
4001
1566
7359
5671
2093
5589
3769
2547
1832
9828
6579
4489
4510
4344
6613
183
3635
6269
5177
3349
9693
487
2073
3407
3264
1508
4619
4480
2363
6614
7263
1918
4601
9136
5399
8637
9616
6650
2310
7578
30
191
4856
1227
2045
7917
9598
4095
6668
2110
4138
5724
2521
1430
8864
5021
6756
9287
5192
1846
2751
3312
4837
6627
1959
2829
4360
1298
2260
5633
9542
2731
4402
25
9006
3944
9370
3
6141
1744
7814
1197
7996
448
8734
7363
93
9659
8271
9891
6927
6765
5051
2938
7611
8016
4810
1097
6429
5019
7992
2620
2032
1289
5084
4821
8839
1844
5281
5490
7213
2759
8240
1883
805
9468
5050
4274
6017
5296
8689
808
2652
43
7688
6112
1498
341
122
8338
8203
3690
9048
7644
219
3759
7476
345
3156
6612
1079
4065
6476
3408
7693
3302
5965
9119
9354
7140
3142
2454
1261
4061
182
5528
7375
7508
4608
7583
2573
6448
1546
4185
1391
4192
9011
2128
6677
681
130
7718
3802
1470
8063
7796
4954
3627
4490
1256
5717
2403
2097
790
8201
3873
2052
3703
9968
7479
4341
1128
1392
8543
2684
6139
8526
986
2655
1815
4883
8149
5403
2475
6262
5823
2254
7074
833
6138
4316
4550
9007
3206
7225
253
5719
8342
3136
5578
4441
8146
8262
1133
5358
8401
3198
3347
2178
4573
3663
8814
5536
6126
299
2425
2372
3313
9777
5653
5521
6511
4870
293
1272
6238
5057
9211
8814
5255
4657
3867
2165
2691
2567
5872
4824
9460
5191
8452
8667
4524
5150
766
6238
4675
7683
3507
3548
2923
8387
6794
5507
617
2605
720
7532
5583
5845
2777
5125
2249
5628
2775
24
7104
748
4780
657
122
5508
6555
4995
4529
3317
714
9928
3645
4479
1258
9018
9834
6377
2055
4783
7912
4018
8373
2739
3414
8402
2695
244
4915
4177
5507
3688
9928
6068
3012
5361
3014
5166
9261
3755
5050
7551
9363
9584
2636
4556
9186
938
470
7481
8172
1579
5176
7937
3084
887
3556
1909
3326
1023
2541
2410
6764
1673
3809
8976
3355
4387
940
3216
9245
6798
2757
6623
6505
4356
1386
4051
1969
4813
1823
5430
672
6161
4097
8989
6497
7279
5772
2894
1387
2380
7172
4898
6346
1185
2012
394
1512
3529
1048
7069
2559
2556
7081
9588
7500
135
818
862
3289
9070
3575
2418
3300
4671
3715
5301
763
3042
5554
7842
5177
7667
4759
4110
4168
8567
2504
6361
1806
7900
4201
7643
2003
1328
3202
7637
7302
3085
7654
4402
4997
4866
8276
7789
2052
4625
5036
9988
1603
4128
2797
1979
8043
3467
576
6119
8357
5018
729
9512
1390
767
2398
235
1725
3486
1110
5709
7101
6037
3577
3228
5585
4170
1862
1337
2361
1100
8667
2455
3124
9494
3507
2817
3328
6815
9670
9440
178
3392
5476
4714
7423
5580
9714
8452
4251
7833
3157
2188
9387
4313
1575
9267
789
8335
911
7403
4320
5729
9686
3427
3552
8409
1823
7684
5395
6101
9706
4642
4072
1330
9229
672
3414
3471
2644
7655
9477
8106
3835
6778
1054
6045
250
6933
9026
3072
7250
7617
6234
4758
5907
7758
4929
8954
9444
356
1916
4270
933
7812
5368
4789
1238
8245
1018
5468
5338
7662
8242
3267
7434
8873
9367
62
9915
2736
4850
1013
5746
7966
2736
2619
6091
5069
566
2212
441
3469
64
7933
1908
1772
7421
929
8973
5726
63
2294
2496
1965
9689
1253
490
5054
3759
7440
828
6582
4502
3848
4209
1252
3769
8371
2327
2611
9941
2196
9010
2700
1653
4259
8548
7748
9282
5328
2204
7356
3780
9478
6648
4781
6603
4978
7812
5039
4959
8611
5833
2585
5175
9981
2116
2209
7363
8612
4180
5139
6406
8949
4148
1147
8119
5337
2466
2471
6601
1220
8378
1729
6575
7960
1429
7384
3857
6078
6221
3904
1532
4849
4907
7662
5088
2404
9241
4065
7479
793
9891
1790
9413
258
9418
8321
1219
7173
36
3055
7172
2814
1811
6772
4895
910
7245
478
6645
8914
6980
1285
4590
9262
7859
4940
5799
1414
5937
5641
2387
4937
4749
1089
8924
3092
4826
69
6537
1763
2255
8325
584
3124
7698
8418
5997
598
5972
873
6630
997
7925
7048
4379
5486
9319
8541
8445
7899
7499
3271
6470
8718
1288
2642
8277
7703
8384
1437
1959
6563
5211
795
8121
2437
8124
8620
2960
1984
4427
9533
3572
9960
9580
7627
5919
5006
1401
8576
6723
4233
5332
9390
5868
3552
8765
6246
9449
7676
6173
7093
7969
1113
1368
4478
7240
103
8883
5040
2710
3746
3530
4959
5516
8501
6231
5924
1706
5737
5405
4532
8265
3190
6380
7611
2309
9381
5385
8121
5233
3971
8985
1691
9569
5096
8329
9709
7155
1210
1046
5048
1347
206
9025
5337
3188
891
2256
5606
6326
6270
6788
5240
8327
2559
9063
473
1793
7847
1392
2778
7652
7598
4580
7421
377
2902
6850
2150
9980
5685
9503
2409
5044
8373
2577
3307
8564
1411
1111
4493
2245
3915
4020
1632
8289
1101
2657
2771
6501
5183
3974
5286
6475
4182
2397
7929
1694
7753
1370
1753
4852
3088
7356
120
8631
434
9175
7999
7612
3293
7306
5608
3492
1240
5689
3957
5418
9427
7788
6000
4260
6198
9012
1630
1758
483
3759
1480
7347
6439
511
2286
8642
9757
5161
5861
1123
8132
3298
2350
1028
925
1085
4726
1738
4815
9732
3880
5949
71
689
4891
68
1231
907
9455
700
250
5780
3638
6635
2684
6843
7253
8977
2427
4726
1397
6860
5563
3177
8230
9202
15
8739
3060
1877
3969
2191
6510
6966
5535
1539
4023
6533
9065
6936
700
9910
9211
4336
9377
4748
4122
1182
9617
1953
4354
8935
5085
681
9816
7884
8712
196
7835
6476
3455
7410
1074
9544
7280
4866
8158
4816
8493
4031
6601
8866
7103
5723
6184
8165
6580
281
9693
742
414
719
787
9427
1151
2200
7571
9479
4310
6915
3953
4011
3740
4969
6211
1158
5090
4359
4224
8355
2996
1995
9329
4685
8324
1678
563
7562
1192
1077
6632
4259
6178
43
9442
2014
7733
9852
5945
4592
2417
8017
4857
7290
7537
9911
7307
1110
7734
4647
5646
3580
7471
5157
5952
1063
9474
300
2798
5546
3887
6704
2003
3964
6052
3454
6031
2866
7570
2580
8403
6477
3514
3523
9859
9275
865
6080
1888
380
5809
295
6614
7681
7823
676
6469
5145
9017
7071
3011
8672
5112
7496
274
3177
3347
3566
2849
1800
9694
7530
3121
1071
5613
1213
2913
9608
206
301
3904
3829
695
9521
7760
7415
179
6812
4071
192
4636
8971
9659
9700
9704
4355
6551
6657
6884
9870
1833
6653
8858
5866
9297
7560
2456
2994
317
7630
1157
6727
6167
1967
9663
458
4156
2256
4735
6588
3717
9677
5958
8924
4221
2281
1113
3847
5596
2753
6208
32
9501
39
1789
7216
3462
6619
9200
4282
7430
1898
558
3284
4898
3494
444
6233
1627
4672
6822
1278
9192
2930
3885
4548
3068
5426
1440
2728
2091
5854
4263
3179
4859
8929
9049
5830
3157
9838
3408
9774
945
377
4805
7362
5630
276
6192
7484
2209
3310
723
6522
7222
252
8218
8177
7984
8267
6278
8094
5194
4984
2136
762
6176
4854
7360
3077
891
8574
7252
1722
3098
3900
1013
7950
5106
303
6267
7775
6518
5746
9698
4830
1266
5886
2222
2922
3948
3780
1725
3065
4396
4614
1035
6220
8183
1348
839
7472
4864
422
6346
3120
517
8657
1144
1049
835
5833
1510
5302
2438
2949
7682
4663
1803
4054
6348
3356
906
4412
1835
9568
4849
4421
5307
9826
7752
4356
4960
3649
3706
1268
6547
5354
1618
5581
7509
2509
7650
9584
630
5953
2555
9850
162
3515
2279
4864
5303
767
3910
4465
7460
7264
3391
4115
532
1962
4576
9859
7004
5997
1322
6285
1191
7839
6479
8257
703
8633
1229
2196
596
9552
4543
9160
175
1862
7034
5012
797
5041
7695
2207
6721
1892
3883
7091
353
5222
245
3753
2972
881
610
1448
8234
4427
2503
2028
4582
4880
6528
1063
7776
2620
1142
5634
6534
6920
4822
1758
3664
316
6591
5556
1721
5438
5558
310
9603
2234
5917
5440
2180
1735
9438
6978
5804
441
9963
5316
3694
5039
8879
5111
9550
3644
2807
8576
7789
8317
3389
7599
148
7728
1667
1411
403
1043
118
1017
7708
8687
5885
5411
4178
7175
9715
3073
9320
5931
2623
3033
8199
9251
8682
2886
4251
4215
9712
2390
3071
3818
1440
4666
5686
4166
2691
5550
3907
261
9080
7196
3473
4095
1310
8134
3224
8408
4173
6024
5640
5472
6476
5161
3662
5233
6344
6
3963
5971
6065
2979
725
8913
7761
6782
8657
3261
2643
6711
968
9329
6542
3029
211
3807
277
1545
806
9317
9920
4635
7592
7271
8771
2205
8703
6287
236
4463
9186
5602
353
1454
6279
3867
2381
9827
4717
1530
696
4198
5482
9441
2181
4193
8260
8101
2246
2900
3343
844
5723
1321
1304
5770
2005
9106
8297
8936
5258
9774
2049
5453
5992
7594
3910
1871
8491
4042
9019
9234
9864
9549
4357
2496
7580
9258
6802
4444
1219
5648
7328
3889
6442
8969
3660
8432
9273
9851
6426
2470
7727
2515
1412
4137
8715
8760
2240
8404
7636
1231
1364
5331
6442
7722
2284
4861
6663
1720
9074
3325
2447
5909
2559
5204
2869
986
532
6021
2404
6011
1657
7234
1425
4137
8407
1378
5801
9824
5613
7731
1082
5431
1272
3910
9441
2452
342
5180
4276
2825
9718
649
570
8167
818
1262
9100
7200
5649
2645
1659
6213
603
3143
6081
5745
1887
3605
2553
6612
1205
6158
5389
6953
2397
861
4800
6443
414
5010
5255
7507
4318
7530
9610
4299
5047
3910
5086
8825
2885
3206
8733
7697
3346
5650
4681
5649
1122
423
7945
2284
9902
6052
4611
1270
2652
4347
2584
5472
9541
6407
8721
8741
6342
405
8015
213
1660
6547
5084
3016
4741
211
9046
8465
3495
3642
4554
5020
3654
98
2350
8333
2146
2413
4981
2555
6650
5218
9307
4148
5920
2282
7211
1343
5037
2501
1732
2599
5869
9950
7241
6506
6914
3107
6144
4027
1661
9920
4012
9650
8923
2444
3819
5813
1886
3524
8495
5581
599
8071
8057
9014
4125
9917
2786
7650
1528
3097
9577
1403
6253
5438
8651
4775
6458
6529
5066
9801
9232
1395
8395
9383
9809
8666
3956
9010
8479
6973
2392
9149
4297
7130
8454
2741
5174
3707
2848
9538
2961
7893
2978
244
4335
8925
4292
1952
4741
42
6250
1116
8742
7095
5342
1024
9218
490
5129
949
5994
4490
2973
2247
2362
1856
5076
7541
2649
425
6554
9683
2658
5124
9013
3540
4742
4876
916
7676
5291
3125
5629
5774
6676
6274
775
6767
7783
7235
6343
7357
154
9004
1580
5043
8292
5041
9476
7599
6484
9040
1936
9567
3713
668
1999
3806
6146
5240
3139
1244
8685
213
6199
6716
3039
4098
2276
3890
2553
3772
8086
1198
3370
78
4099
6174
2348
8090
694
3237
4607
9130
5028
1542
3499
5100
6749
1052
8301
8361
1722
7765
5774
180
4541
8100
8166
1194
6291
7405
2000
2439
6289
1896
3921
1379
96
2321
3047
7938
9679
4143
5304
8968
105
4237
760
5899
7459
6030
7669
8241
7447
7562
8349
9423
2740
537
4625
1090
5858
5942
5237
2305
3244
9344
8253
8331
950
8014
4234
1696
2658
5984
8506
4345
7563
7480
3718
5560
2580
1760
647
5756
836
2959
2310
8886
4266
7073
2026
8127
5008
1151
568
7141
2211
7165
4776
7419
1587
6133
5919
4662
9039
1759
373
3549
9026
5653
9517
8869
8582
4954
8715
699
6278
8786
7065
5293
514
2359
8836
8683
8115
2671
4338
2568
3511
5531
7868
7670
2192
3726
7171
2053
9155
4837
9401
3108
7891
5044
3904
9155
9456
8815
7063
3505
2274
953
3127
2721
3044
1595
4784
5205
6935
5307
8688
7989
4044
3806
6316
5631
2697
2443
1041
4177
1276
7889
2669
655
6914
8554
6681
5212
9292
1399
8427
612
4143
751
1145
7043
9272
1488
8365
3584
9535
1373
3160
3034
8684
1224
818
6332
8280
2187
3548
3762
9339
9644
5263
8171
7367
8205
7879
8678
2712
2921
8077
2111
7824
709
5402
3804
2832
9798
9962
8888
5380
3385
3593
2134
5972
7138
7540
9018
19
857
9020
4781
1936
7793
4171
2244
5755
5623
3130
2403
1626
3594
6853
436
2828
5679
3960
5015
2197
7251
7516
8977
8366
7872
1542
9742
3132
5645
4098
5564
8071
8805
4175
4538
1580
7374
2958
619
1670
8645
6559
9179
9440
9831
4079
7084
2615
5141
935
5281
2892
6672
9023
6477
5860
3866
1918
7470
7903
7096
2186
7708
6341
5111
8744
1246
683
4813
2390
1554
996
3597
1953
271
4464
1730
2233
768
6239
6279
6510
3602
9140
8139
7498
1853
8317
4430
1700
4235
7591
1882
2886
3930
4798
907
8615
9501
844
8591
5994
5695
7545
3706
2231
2666
919
3760
4825
5564
9597
7241
9880
3323
2892
955
3305
5802
8266
7191
821
4888
8882
8630
1440
5883
9184
816
3975
6939
1009
7471
9625
7417
6190
1865
115
8106
2065
5132
5004
1397
5248
2918
710
4868
2445
3155
5035
4415
7898
3741
6239
6116
4917
7913
6405
4598
6494
1545
9691
3550
8348
8095
5719
1065
9340
8145
9790
9173
4020
8594
9105
3260
6770
8883
1268
3906
4194
8916
5037
8752
1953
8520
1337
4646
9093
3749
6541
5233
5396
3295
9342
7715
242
4641
6120
8924
6420
5149
468
9584
5165
4511
9916
4751
2673
5026
877
3914
4516
7023
7600
6620
7699
3416
5469
5610
9314
2178
9639
3510
3732
8103
9547
5528
4135
5491
3526
1084
4561
9019
4330
584
5640
1322
8362
2617
4526
9608
4457
2854
8234
7786
2963
171
7683
517
1210
9
8606
1803
598
9031
2105
9281
6629
9918
6595
1659
8968
3214
5740
5311
9905
9280
9395
9571
6071
1791
3791
9506
9142
5614
8900
6221
505
7866
8276
4999
7535
9942
80
7006
2254
6628
6030
130
1386
6716
48
8890
2127
2362
8991
1927
7973
9443
4695
9327
1877
6172
4681
9328
656
1086
5088
1380
3454
9115
8393
7707
9252
7273
3409
6620
4494
4222
8819
294
9243
5538
1127
5408
8900
8521
8640
2300
6302
3415
7218
3115
2858
1586
3296
1954
2490
5590
5912
8182
2371
797
1569
877
199
4531
6952
1252
6685
2817
1401
4445
9485
1347
1047
1892
9934
9249
7421
6407
9723
9948
2799
4660
9747
9830
2859
5802
8849
3714
7967
2276
7441
8222
2799
8844
1549
4686
8173
6737
3096
1560
2895
8763
6142
8119
1134
4492
8
3431
2828
1362
2672
1190
4096
8299
9783
145
2485
2693
5588
5525
8103
5156
7326
7284
5369
4649
3304
6327
7867
6647
7483
4710
9945
1560
1803
6897
4268
9026
9649
3788
4625
2805
9548
2446
2500
8846
2110
7787
3121
8149
5120
2507
261
3135
9174
7785
2298
5601
8293
2781
1326
2773
2942
183
2385
8770
6354
4376
3264
5905
8189
1903
3042
5343
1796
3886
2134
3800
5056
9263
7280
7172
1861
8623
7366
11
8012
6366
4282
3552
1889
7872
2900
2268
3719
467
6910
6999
5456
1415
312
3507
4608
4711
9906
8410
9042
2884
9889
5209
4299
9137
8063
3347
8378
9370
2829
3908
211
5004
2559
1172
9435
4352
7648
2654
793
1721
245
3112
7876
184
3979
7591
3203
8797
7303
798
5958
2671
2430
2752
274
774
6058
2502
3664
6603
1298
4456
9384
3503
6682
5032
3933
6450
4735
8704
5959
5279
2497
7460
7796
2054
3885
1
799
3324
735
221
5019
2368
4148
6194
8187
77
3233
2609
2350
729
7850
9760
8707
5960
1134
2884
9479
4201
209
7838
6467
5172
4674
201
3432
2492
4907
8977
7224
6509
5265
9358
3235
2693
3061
784
7644
3761
8460
8764
2539
7721
9834
906
9892
3350
887
6219
1477
815
8333
7201
9416
9061
5329
738
4725
8412
2513
9586
5267
1244
196
9114
1495
8130
1302
2103
9066
4542
8259
1519
511
3693
3256
4111
5830
7622
7390
3320
9751
8477
2997
1916
5832
6388
5226
1918
3766
4136
7100
8205
7091
5637
9071
716
6560
3553
9429
7888
7519
8145
2975
2701
660
8057
8167
6104
2150
4301
1098
877
5946
2779
9187
5888
6807
4176
5427
8151
2055
7196
4043
4649
3870
9711
2811
8812
2009
9429
6215
8298
1898
1305
2516
8715
1549
1698
7181
3788
1271
7166
8300
7771
5348
9220
1334
4708
6464
8372
8562
4917
2065
3009
7231
7149
1079
4559
9185
8538
6502
8322
1295
7474
605
5155
1459
4500
648
1375
9555
1117
551
1313
7478
6218
3962
3924
658
4920
6867
2711
9240
699
8440
8453
5718
3409
7492
1050
4690
8683
9259
7522
6140
1848
2340
2177
9794
9985
7333
9850
3108
292
9422
8748
6809
3735
593
4818
2569
955
314
9956
6765
9184
55
4009
5929
2673
3341
6980
1832
797
2953
3518
2379
9519
649
7342
5576
3196
2202
7196
3270
3748
8202
3037
8594
778
9196
1729
9253
2186
3052
9678
9406
9340
3488
260
8027
2288
3909
8998
6674
1249
7669
2251
7426
5148
8475
8779
2246
5347
8361
6118
9302
5179
2006
6492
3307
3347
8322
4785
9418
3421
5883
8851
8658
2407
7302
1129
7123
1664
2572
2814
3004
9894
3129
6497
1582
5558
299
8659
5250
5987
9880
2307
1310
30
824
7261
8922
118
8689
2040
8539
9208
2566
7461
1444
2871
3065
1632
2715
2479
9614
9221
4662
3607
9820
4281
4514
737
7390
2958
6099
5676
4426
2924
8817
7737
3702
5278
4079
4524
3503
9937
6822
3262
7310
2660
6951
5665
2419
922
4043
3476
2888
6976
9878
9458
2618
252
7650
2458
2333
6597
5680
4206
3778
9535
8060
8723
2149
8390
8292
1660
449
2408
9319
657
9047
568
1228
1616
3073
6864
5830
3172
6826
3966
998
5127
1847
7524
3153
2707
1956
761
435
8599
2412
5427
5580
428
5594
9803
5194
1908
2440
481
7186
6856
7530
9553
2070
7496
9279
8834
527
8239
1910
4054
5937
6880
8292
5606
609
1087
8333
9556
4722
7404
568
373
3473
9527
4991
4483
8919
4999
2626
9614
3292
2968
9903
458
4258
6004
8732
6299
987
3729
481
295
8073
2917
9459
4184
7887
6322
2320
57
6086
9854
1457
2195
3642
9619
7418
529
733
4764
9449
7898
5771
5906
7675
2820
7615
4833
7398
7319
5503
7385
6869
8045
3329
3065
872
5685
1590
837
6967
6752
319
3351
1844
6170
5449
2590
8536
7465
2052
5100
4991
3174
7858
4591
3112
6239
1641
3859
6330
7555
7537
2860
6945
3766
6086
4283
6927
1631
3708
8871
8354
8403
4755
7339
3087
6684
9153
2731
987
4349
9347
9614
3089
4835
1215
1724
6408
5376
9346
631
5492
5127
6006
9076
9876
1452
1276
2444
4736
7789
8330
227
7978
3250
4005
4920
2352
6470
3890
8301
6220
5659
7413
6522
6975
1748
1764
6207
4936
3289
5074
3875
2829
2906
4646
5315
1250
3949
2434
9684
9405
3867
5711
8328
6056
7858
6435
2820
9549
1647
7782
7604
9263
5848
1268
5400
7882
8217
2664
6060
9465
5024
817
2146
3316
1469
8351
218
9643
5008
633
2577
7553
5493
8655
4431
7652
6436
5717
560
9142
5535
9519
7481
4845
8260
6028
2743
2511
7860
1585
2747
9946
5561
3447
6272
4904
6051
1459
8640
1488
7125
1085
7466
2050
1648
8449
1643
8769
9937
3086
2806
7239
7400
2363
2107
5064
6100
2371
7574
1526
3271
8072
26
9963
7327
1890
6946
2790
9454
7617
556
8327
6309
4338
7503
5051
7776
2557
7688
1622
3408
199
7852
4160
7026
1855
1153
63
6172
6470
8105
1708
6554
1631
6957
8416
6745
126
8022
836
9183
3648
1681
1772
5431
9546
6462
5449
2176
2499
6361
4362
6864
904
966
4162
5109
5647
3866
9009
4229
1634
7789
8437
8405
6206
8675
9969
5705
4153
5661
262
6871
7174
2683
6792
5503
9824
9961
7662
4356
2941
7186
7336
955
1575
3750
8468
6548
2416
3396
7841
9297
6454
1373
6630
6273
7238
6514
51
3678
2004
6423
5819
1060
1303
5670
6836
6898
5827
3195
4066
5396
481
8996
6717
9043
5245
9824
9889
183
4750
6211
6456
1056
5498
145
7397
910
4056
2748
2207
7739
1138
1432
1864
3798
3818
6486
4091
9187
1832
1410
499
9574
5702
2345
772
5433
5938
6817
4133
1536
4109
4489
6402
9348
1450
2577
2917
9191
8894
6029
6591
8329
5297
7100
9661
380
5261
1806
6433
1337
1861
7932
5357
1816
116
2034
2037
8327
155
9990
5310
3817
3769
1882
8596
9388
8471
1522
1569
8647
9001
335
626
2707
8673
1382
7675
8800
8120
5574
9170
5567
9706
2429
1477
5993
9649
8053
5629
5595
523
4520
3349
435
5783
8242
7979
6868
9659
6036
5739
6742
4211
7333
7928
3054
4494
8183
2009
2279
8220
2613
5892
3870
8171
1666
9211
3163
4166
7874
8053
6892
3340
2310
3566
5558
281
6875
9124
3879
2647
822
2782
267
3580
5699
7895
2392
2761
5259
9092
7564
6323
8923
5862
5807
4559
3554
2735
2198
2607
6740
2800
6878
517
5760
7464
9932
4313
5820
8792
2189
3049
948
5857
502
4724
2284
3837
2691
988
6959
1865
8008
6267
5044
1227
7960
4473
8766
8767
6516
8793
8848
4458
7559
7274
6177
962
6302
8757
8996
4203
6756
2740
7335
862
3538
1037
2753
9438
2316
4486
30
5148
6316
8609
278
2509
2643
9046
4903
1115
1316
8029
36
7600
3883
9914
5788
9924
8347
3584
4852
2363
4383
9540
4806
5775
6609
165
9893
9390
273
1502
979
4
9897
2260
2081
7869
7713
4985
151
267
8740
6254
585
462
708
2346
9890
9819
226
3493
6391
5574
9716
9123
3901
2148
5717
547
5906
6719
2144
7595
350
7689
711
4529
5583
5787
9927
7404
5146
26
9010
3603
747
2562
88
915
7064
3271
7491
4000
7585
2793
9315
6675
8970
5876
5819
8247
2138
82
3772
1833
1400
2182
1023
9263
6056
749
3070
4277
5074
1742
7395
9805
4500
459
6336
5128
3294
3227
262
5175
8864
9749
250
2765
3765
9110
4415
3342
5985
339
4652
9825
4743
7731
9092
698
817
7344
5982
91
8124
2130
8213
7272
5121
8455
4685
5866
1909
5694
6877
6828
7360
5155
5384
1688
794
6605
1692
7263
7535
1491
4341
8332
7654
8002
5404
5046
459
8486
5826
5503
3870
5646
741
7040
1410
586
8358
6725
645
3720
650
8069
9284
4130
5105
5487
6085
313
116
8477
585
8563
2752
4283
1767
5313
5144
8323
9966
6568
2956
5559
1133
6408
1965
4560
4650
9585
6876
6701
81
9780
9568
5957
5353
6318
6839
5231
9340
373
296
6370
2324
2922
6957
6048
1293
3372
5715
2343
8359
2942
9077
8407
6961
9486
6017
6104
7648
4808
627
4262
4241
9129
5191
9845
6023
3442
6983
9391
4412
9981
4450
513
2070
5065
5539
710
1647
2685
8782
2947
6529
1604
4352
7706
7294
6902
9436
6704
8270
8859
7220
9886
6622
9372
6047
6926
4136
3948
107
3353
8869
4843
4880
3855
2636
9824
2540
9245
3867
3078
3410
9695
1158
6392
4689
2954
3987
1348
4941
2311
5871
1956
347
9762
6834
3986
2156
8104
9514
9525
1831
4601
4773
2985
205
4227
8596
1934
3645
660
7756
5378
4897
6261
8369
3569
937
3207
4075
3583
1680
6508
7013
5535
3029
5659
6574
416
9224
5871
1598
4591
1103
4097
6408
7969
77
8390
4178
5266
2831
2169
4372
4750
9827
9741
2540
6842
1845
3108
340
335
1093
7415
5036
9087
9687
3852
9134
2152
7598
4972
586
1248
8436
3780
3017
5929
6442
7358
3195
2597
8082
5766
3540
7092
952
3293
9405
6764
8018
203
54
3361
9024
2419
4767
9556
2067
8863
9143
8234
3704
7441
1728
4831
8910
2113
3693
2662
930
1775
1874
8160
9485
2318
4731
6099
379
514
8753
1465
2432
4960
474
2827
7304
3617
1729
6408
1182
4173
9945
2072
1712
6782
8168
4058
5451
7951
7790
1599
3939
8466
8098
3320
7568
9
9463
7136
6050
4625
7888
4991
4094
5914
6817
9536
8888
2499
8705
9583
5727
1389
4052
4364
8867
8558
2902
6158
6580
2470
6132
2475
9910
9435
2344
8352
6949
3261
324
495
8732
2495
4963
5765
5744
6915
2636
7041
746
7726
1575
2942
8041
2884
2213
4681
689
4872
2987
7907
8242
3775
339
9046
8032
8142
3673
6537
9108
9075
1872
5497
1647
7675
2827
5548
6345
9411
3908
8860
1495
3971
2478
5789
4021
8473
2172
5395
2023
4370
2422
5294
4626
4377
5305
1921
446
7523
1061
9678
9114
8191
8582
5576
7685
4817
6928
2326
2221
5675
7461
1545
6617
0
8573
1563
964
2746
4915
1179
7993
6745
4148
5148
9988
1042
5533
555
1469
26
6500
2238
6020
3229
2286
2007
6948
3372
282
9753
4857
3584
8241
8765
2600
4562
3624
3219
9086
3670
2936
7889
8538
5461
4902
6562
3208
828
993
4353
9034
7895
9548
7234
9357
6046
5304
9037
2048
3747
4071
5208
3831
9807
3334
5970
9337
1869
2798
1685
39
6093
3079
5900
4356
680
4317
5247
1203
6163
7145
7071
4030
8410
9517
9766
6275
2620
6947
8529
9223
62
4516
7536
3745
2361
7770
9087
4745
6161
8786
503
2089
3143
6049
1915
8303
7630
2807
5048
5716
8508
1765
4637
1703
5605
7504
397
8165
4024
6990
2635
969
5863
9358
1014
8857
1451
8134
1396
6137
182
9550
5574
5491
3150
7762
3749
6981
5445
9222
9683
4506
2710
5855
5480
1071
7264
4932
9543
2588
1541
3932
9647
9811
50
5157
4882
7426
5970
8895
6364
6675
7683
6562
9973
8475
6599
3225
4675
5867
1949
3260
7208
3679
7614
3717
8722
3999
4910
9414
4851
4311
1488
1384
4634
2412
2031
5676
830
234
5486
2112
9445
6221
4511
9535
5317
950
1957
7147
2179
9733
4995
1583
7927
7771
1084
3062
487
2464
1300
2259
6492
4686
8814
3463
5186
6452
4554
9692
3912
8863
4727
8452
4442
9852
6653
9378
8195
9872
7065
3389
8954
9908
6782
9544
8230
2948
949
3612
8547
7396
3975
529
1494
6063
3811
3167
2226
7451
8592
5271
6931
6054
357
355
8132
2114
1357
2331
1608
1849
4228
4197
552
1163
7079
3447
6956
2459
3317
2757
4632
2420
8712
9617
9204
5983
2562
4323
3656
2547
672
5255
9875
5514
3927
1357
1088
8893
9926
2505
1611
7341
7495
2166
7760
5079
2989
3057
840
8075
3084
4795
4747
9681
1203
7219
2672
4623
8025
7795
4111
3861
1997
2892
1513
1043
4571
4449
252
7893
1736
7315
4093
2766
5925
6789
2487
8113
206
9890
8195
9561
5941
4663
392
832
1397
3853
283
3686
6486
6302
9313
4257
8631
352
4613
7474
3113
4914
981
2494
392
8655
3293
7633
348
2260
4793
7118
6904
9837
7927
844
8787
5709
2428
7364
6402
2808
7436
1168
1020
4473
1756
9561
6422
2350
705
7854
5006
9224
4545
8909
5272
1300
1349
6802
1075
2699
8979
8696
7409
7551
841
9003
3933
3099
4509
9826
6619
4256
7362
1119
2933
7278
2115
7459
2898
8040
2734
5332
5135
8343
3500
5763
1806
6793
9381
9734
9597
5239
5781
3542
1032
5102
6836
2859
309
9979
9670
913
2051
7061
3157
3113
9243
4415
6105
7467
9925
9558
9440
1979
7408
9852
4758
9616
2791
7038
1675
9929
8045
3914
4815
4862
6753
18
1212
9663
2659
1207
1158
8715
6423
5558
6195
5238
1274
8524
6627
6810
5811
7935
9107
283
6058
7764
825
9657
5889
6553
1611
8498
5625
2383
1241
977
4681
7617
9668
6891
3624
5796
5808
5813
4813
290
214
6899
8295
1093
415
1882
2809
3501
4246
924
1401
7408
2914
278
5009
1077
6745
6771
4159
6732
1374
3132
4719
3340
9018
7991
9189
9881
2086
3774
9893
9166
7790
4308
3020
8650
782
1346
8355
7064
3486
5904
1221
6943
3288
1044
2602
7409
4394
3391
6264
3294
2949
2259
4529
2875
9995
4393
4681
2491
7364
1185
4095
4980
9931
4672
5190
707
1348
4156
2456
2600
9887
5522
1066
1096
2001
7884
2929
9237
4027
8278
6727
989
4908
693
6680
8216
412
7206
5646
8319
4143
3600
1269
8321
7158
8313
9172
3297
624
4439
3593
3202
715
8990
6471
6285
5371
7820
7233
4745
7163
6236
4015
3421
5187
2811
8238
6229
2237
5574
3705
3708
876
4403
6238
668
6565
3378
70
6783
3761
5291
1290
23
6187
1762
7425
1107
9850
4082
9323
6133
4758
5286
4126
4931
1668
888
2402
5696
8972
7504
7064
2663
8224
9242
901
3202
1771
472
9952
5579
4920
9853
4068
8949
8533
1578
6171
438
330
5425
545
5684
3497
7739
4873
4362
1782
1429
3743
50
3991
477
3319
657
7560
2405
8898
16
7966
7377
5605
4304
9260
7271
9492
8235
964
8766
773
5124
1001
3938
7379
3129
2125
501
5597
8382
7803
128
5336
812
4550
4165
5836
8675
7180
5537
9068
2171
4465
7220
2389
1525
6889
7902
1391
7424
1014
6328
1960
9635
5900
7798
4261
7358
6251
3392
5647
2266
1560
4543
5149
6699
1740
6087
7907
5414
2458
1621
3254
359
8709
5105
1947
6072
8167
8125
3697
9233
6570
3685
4603
5872
4999
9658
6511
4841
2222
3462
9733
4916
2938
1043
9053
1619
5915
6631
1540
2071
8808
8280
575
5592
8635
7475
1052
9265
9788
6019
5594
7272
2101
9981
8696
5274
347
1898
9237
596
9679
9374
5325
3262
3469
5078
5747
8800
3985
6644
5404
2175
4810
2192
8140
6564
6483
5240
1428
5545
3604
9684
3729
9279
7966
2707
887
3840
6806
1018
3397
8457
7175
8340
4960
8016
3324
9873
6878
5463
7024
584
9633
5354
6835
5517
2522
9613
7227
1607
9258
7675
9025
714
2523
1073
6886
753
7618
5832
7648
9332
993
2236
5206
6188
2733
8102
5144
1317
1768
3627
3573
3429
3189
6215
8888
2605
7092
527
1165
3618
7682
3470
5464
6135
835
8993
3237
947
4271
9983
4453
6827
202
5293
5182
7407
5864
2385
2753
6417
1875
1907
9008
5252
4986
4611
7971
6444
427
9619
8197
6716
6823
2306
8640
4196
3430
7600
526
558
4951
1576
701
7220
7173
6959
604
796
7791
8680
7579
8292
9117
8784
2990
661
8710
2365
2780
3874
3505
287
4974
2855
4398
7417
1256
8139
9485
7615
4285
2243
6545
3922
8334
4149
572
7800
9495
7161
3503
1075
7955
1670
3583
6388
7807
4746
8087
5727
1102
8598
210
3243
7734
3752
1280
393
4028
7188
7347
4157
362
3314
5703
9478
8675
3024
3609
3331
9021
1354
8257
5031
9340
7606
6144
8450
5396
2922
7967
1156
643
7807
1118
6435
6470
1812
1303
1898
8283
1369
7458
1939
1286
8458
3622
2433
4160
547
6960
2915
2829
9398
4625
5933
2541
4158
7
6062
7207
74
371
5792
8752
5726
1876
8444
2770
8716
390
9271
957
9844
2611
764
7384
1643
9477
2227
4716
2383
7667
3543
307
772
8124
5600
3055
6371
298
6955
2736
4994
658
470
286
8708
7277
2991
6503
1285
7805
7439
344
2673
2665
7981
5796
8285
5051
6657
8540
8357
9440
2179
7682
8737
3346
7514
5092
9509
2954
9278
1509
3173
3157
4298
86
3605
4715
5277
2687
6254
6051
8425
734
686
6307
8865
4316
6581
9784
6825
9459
1276
3747
3997
1251
5285
2511
364
2008
4618
5151
603
4582
835
7581
9071
8531
5433
680
767
8607
2344
5245
468
127
8895
8670
7762
5570
3752
618
6262
9372
7079
7935
6930
7115
8189
6279
9268
4635
2523
8909
8308
9214
8653
7599
7647
5937
6999
4138
4720
4441
4301
5728
8036
6545
3256
804
4692
7352
3493
7678
4332
2896
7251
9745
8497
5921
6874
6912
1583
3086
4846
6335
567
8225
2042
9929
7881
7718
4899
7079
2990
6785
7744
6918
5041
9210
3311
3656
150
2958
2271
9866
5197
6858
5335
1196
1464
1695
3140
1873
7497
1494
7832
5327
2896
6490
8377
5340
4347
4789
7240
1082
4088
3583
6957
2005
4391
3227
7853
3405
7114
2236
2734
7819
5263
2562
6913
7225
4216
6970
3343
6313
2110
2018
6841
8889
774
8270
5657
8347
7746
9181
4432
4525
2556
5538
5610
6135
2724
499
8376
8401
7424
4786
7271
2617
743
3466
3234
6498
5732
3031
2839
3131
9213
9866
888
2082
4221
9008
7256
9662
5760
3252
4355
5243
1339
4105
8500
5718
9117
9731
8636
4287
7664
2737
7612
7502
4678
1323
4224
2560
1275
8568
5036
5625
25
636
644
4301
2169
4198
2496
8611
229
1380
7966
6129
9876
3489
6155
5543
205
5676
5869
7031
2932
4682
559
332
926
6138
2150
8838
1310
4201
6523
5541
7315
4615
7498
9945
8368
2192
8832
1577
8173
7040
6772
3522
2609
24
2926
5459
1985
7063
313
2457
5322
8612
1477
5510
1402
165
8268
9254
9109
4210
7170
1159
9976
4828
2929
7323
1775
3481
8837
6870
3350
5149
3565
2396
4798
6543
6876
6248
2093
7663
7837
7883
4029
5756
4563
129
9465
738
5401
4835
5201
1920
7072
6164
5844
52
294
5125
2768
5639
9105
9732
3156
7580
4646
3241
4645
9051
5520
7180
4257
4051
2234
4993
5701
247
3753
204
6204
4932
5270
9881
5954
3730
9110
8298
3132
2503
7576
1386
2799
1008
1483
4855
193
4415
6656
3736
6066
9695
3447
6454
2855
2103
1373
9974
1470
6982
6806
4001
1260
5781
3731
708
6504
6420
3801
2223
1589
8922
8038
2127
5437
9834
8085
3461
5096
8472
6457
4711
4948
6376
9522
6694
3692
2303
8436
8497
7184
1092
967
8005
6385
535
9654
8523
6713
9308
5968
7960
1172
9026
6527
3828
1164
5939
7467
9668
6362
7424
9214
3908
3670
841
7712
6913
1415
1547
5871
4262
9407
1786
4168
4417
3777
3931
1362
1220
9682
2773
3944
8959
3565
6161
7477
776
7513
1911
9344
8969
7627
7155
8087
6069
5557
7314
6171
6415
8864
1095
2157
7635
2226
8808
5462
6973
4630
5126
516
6918
3205
6053
4985
94
8311
3644
3709
2347
5751
8283
4133
2986
480
9537
2616
5201
3108
7813
1560
9658
5518
4770
5372
7568
9753
3059
6416
1822
6887
7204
4867
8009
2336
9484
6790
6714
9551
8928
2254
7318
6056
8416
8688
7291
2112
4772
8849
2768
1603
2639
7598
8054
9743
5900
445
4781
7947
2142
6517
6147
6638
6821
6215
8433
8709
8650
9121
1393
5691
5032
5783
8249
6146
8693
4071
3311
6473
5236
9607
7668
1774
1053
668
2323
31
7362
6622
5525
5532
2525
7206
3478
2466
8316
7779
9
7876
1277
5521
9709
491
1636
2688
7837
7616
4791
952
1082
6818
2159
3866
3298
4631
6579
5277
2164
916
5720
9610
257
8501
5533
6961
5759
9514
6367
523
8021
2914
8361
18
5622
3273
2002
2871
4100
519
967
9636
5650
8762
639
6895
7187
9212
5461
1153
2240
9893
5807
2728
7723
4900
9234
3469
6101
7037
4392
7423
5110
7545
3865
8848
6238
7460
824
5938
1316
6940
2117
7806
8345
1747
849
8732
8436
45
6889
8947
6454
6264
8889
7775
1425
3939
1176
8440
7940
3446
6015
3174
37
9590
5476
1542
6120
7041
8204
1729
3069
6669
4839
4946
5038
4895
9953
3378
8881
8310
7713
9976
7955
4977
3755
726
9733
9403
9503
9106
5282
4245
1427
4078
3101
5544
5692
6013
7538
3535
5802
3499
7417
970
4358
7442
2566
7477
8198
5591
7267
4988
4512
3972
8986
9131
884
2755
9257
5500
1925
3268
9950
2789
6610
6864
1901
2864
3434
6918
4485
5849
4721
6774
3174
7968
9047
7829
5281
8952
393
4527
5190
9345
2539
744
8659
3640
1366
2205
2549
5792
5295
8925
4849
1463
7252
4205
3105
1319
9585
5669
9558
24
506
7064
604
1130
4172
7612
7259
8603
3825
9717
7041
4071
6455
4199
4804
3334
5780
1084
5223
7476
9378
6637
892
2529
1000
1564
3022
2318
9799
8763
6331
1221
9981
7350
8721
8679
6507
5261
8027
7087
9668
3523
3690
1513
5877
1138
6525
8004
6272
9139
921
1616
3447
7379
7117
4831
3537
9679
5261
6314
8143
8811
6457
9812
1493
7136
7532
7305
5399
4004
5543
3641
4243
7886
532
399
2342
2874
629
8037
1809
6272
3257
8688
5801
3487
8398
4410
8998
2801
2221
5671
1611
1216
2769
4206
3095
5781
1686
6807
1879
8073
449
8544
4174
8227
119
4123
5775
5848
122
1077
1961
5231
7432
4689
421
9168
9712
7313
614
9962
1599
5512
3231
4164
2043
5958
4686
1422
1897
746
8112
3778
5267
6129
5944
4438
6238
5431
2658
853
9158
9069
5288
3065
3556
9187
9988
601
9897
5156
4340
4917
6058
2766
9799
8656
617
6887
7208
6227
9218
2717
4321
2303
2497
2240
1044
8889
528
9836
641
2240
1859
6214
9615
2542
6378
5215
5763
8764
3297
9631
7602
3129
7079
4842
5997
8193
2043
6863
740
8107
2666
9300
7093
2123
6760
4442
7164
7639
1266
3996
2963
399
5814
631
7422
7010
2288
4751
8287
2499
7017
9995
6573
774
2055
7099
6390
2743
5916
2661
1114
1665
6184
9913
9103
3577
5288
2099
3270
5035
8257
6123
3038
4266
9121
7844
3412
1149
8198
887
3431
4883
267
127
2009
141
4695
334
2300
6927
149
6887
2802
3590
3683
3075
3627
5591
3676
7447
7425
3415
4355
7185
8498
3246
159
9680
3779
8993
6645
8711
874
7501
2085
2646
1524
2790
7574
9172
690
9833
5693
1430
4305
4105
513
8655
6919
3532
6234
3941
707
1187
3759
4858
664
8566
9575
3600
83
9506
7592
6364
8707
2371
895
1246
2352
5450
7331
2288
2510
791
5754
4020
362
9750
8586
4974
1443
6737
5460
5956
1964
9553
2015
26
6316
219
2912
9498
3459
4179
2507
7576
7199
1038
1788
2553
3981
8461
4575
8140
7120
5666
3963
1284
6128
9042
849
4966
5870
2576
8983
9600
9349
4197
1114
8754
8027
967
5182
3103
2557
760
1933
6243
4098
3548
5838
2193
3665
7753
3109
9779
3604
2413
6820
2241
7030
147
4283
6114
9564
5021
9515
2392
3894
6706
7351
4054
8770
3497
7803
10
8699
8665
5907
9366
2331
6386
3498
1956
4499
2302
7073
3175
7964
8130
4744
9362
6973
1415
4157
8767
4443
8732
1363
8534
8387
5348
3099
3620
1020
5767
9255
9610
3672
162
7170
272
703
5595
9896
4525
2713
228
7277
7331
5145
5677
9594
2199
3161
944
2597
5361
6161
8260
8979
1489
822
9600
3535
7064
7752
7602
6452
2216
8815
1595
5680
5241
3124
3533
2001
7315
5303
5292
2395
8818
6308
6133
2
3051
8779
5649
2481
9229
5116
2217
6859
161
6037
1733
3854
5104
2883
6550
6000
7574
7917
1991
9981
8848
6998
8110
6789
2054
3661
3917
1415
4370
8329
382
2443
5379
2068
2098
1968
7230
3132
5791
6022
1629
939
4739
9217
4471
7870
7451
5548
2676
6608
1549
9588
9581
7633
4041
7700
8039
7029
1637
2938
6316
9034
1251
4948
1336
9789
4093
5961
5444
5041
2252
2730
1092
9128
4945
8917
2988
7507
6779
1962
9275
660
4809
7893
8513
506
8450
7294
3902
8066
7595
798
9728
3354
9582
2934
2771
9243
6721
5185
927
4436
6921
1622
4095
6761
2599
2926
509
3417
176
5278
7105
7041
1637
3002
5444
2842
8483
4865
3158
8690
8933
9304
7694
6734
8667
3028
2727
5330
8973
7928
8415
8362
1197
5533
5016
5868
9775
6273
6388
5065
7084
944
1193
5397
5691
3376
6480
1339
8507
6375
3293
7470
9960
8010
9100
2439
6951
8862
5292
3030
6706
9974
2783
9242
5572
3171
437
7330
6290
1052
4573
2762
7064
682
7425
7905
2661
6503
5793
632
9820
8400
7399
9804
2610
2515
7176
8612
6986
5596
2150
9503
9926
2250
6589
3655
2399
3946
376
8611
7114
692
3843
7756
4670
5090
1130
8926
4820
543
272
2254
5494
5511
671
7476
8804
3239
9962
6271
5528
6721
3996
3635
285
4710
9088
1033
7726
6808
6317
4806
3639
7046
9450
3549
6515
5614
8102
4872
9665
6840
5257
3517
372
1064
9457
3119
4807
2725
4497
3357
9862
5209
3612
9204
3902
5977
4529
3540
3853
5091
7069
6444
6339
2030
1030
6981
1495
4289
5375
4177
6056
2858
7390
1382
6416
7883
1136
5898
8795
11
7144
5439
160
9338
2059
1163
8248
2284
1461
4503
5935
2929
2581
822
3711
9252
4360
8232
7105
486
1651
6649
5311
6136
1666
218
1220
6070
163
4733
9844
1659
1477
3767
866
9179
7371
4240
6954
4575
2398
5517
8003
2410
3760
6706
9769
7153
2136
7009
280
6109
2912
5596
3315
3244
9374
5014
9144
4377
4002
6028
8007
1672
2424
6550
6349
7296
6198
3871
5873
1257
5775
4407
4481
9040
6749
1859
2761
5638
231
5838
9264
9878
5418
1910
3537
4848
9119
5130
7443
3065
6743
3293
2188
149
7377
3409
5530
9380
5973
8223
759
161
956
7823
154
589
8791
2185
2063
6857
5919
2191
4443
7938
3605
1414
7031
8580
4969
2343
8867
9345
4585
7411
1665
9423
562
2023
1008
7735
4845
450
969
1783
843
284
3224
7953
8762
7221
1315
5841
9621
2011
2956
2737
3550
6432
5207
5558
6501
5696
757
3514
7545
954
3472
1317
3066
2573
1897
9769
3776
593
592
3062
9708
4059
1458
399
7788
1973
6180
1826
6915
2100
4084
7730
4870
5006
3533
2172
9392
5909
9804
2371
4780
2557
7234
6441
9904
4932
2468
4605
9538
4825
4089
2817
7334
2058
4788
5178
1349
4378
4535
2443
5541
4216
2059
2835
1753
973
21
3044
7011
1288
4222
8638
6629
3728
8450
5059
7536
7203
6403
3490
7856
4345
8351
4510
360
1718
5506
7791
8625
3024
4763
9343
7197
6319
8030
6195
3902
1599
619
3795
231
3906
9682
896
8852
4589
7493
9546
1003
9711
7790
4833
7567
1318
9632
7930
127
980
3547
5002
2823
5564
4458
9493
5985
7687
7184
7700
7716
3004
6327
2727
2108
9553
9828
2286
4504
4696
4895
4629
8507
4488
1108
5583
793
1095
3575
6424
5930
5412
1627
2716
3808
2875
6833
237
8203
8095
2276
6597
5509
6147
3724
1122
6351
1510
6221
8925
3842
6604
1745
4928
3653
4441
4185
4759
4088
1071
2295
7678
6471
5349
7183
9068
6483
2284
1512
9101
8443
2837
1318
4089
5867
7654
9194
9184
6951
6449
8792
3338
3212
1745
1298
3221
3833
4574
6007
4607
3819
1012
1248
959
5030
4187
2252
8567
1759
850
1465
177
8318
4323
132
1272
5039
1370
3251
3552
507
7175
6831
607
1008
3947
796
6181
8002
9483
9897
5517
1544
8255
1201
1803
5598
2164
3466
8251
8002
1543
8987
7661
9337
1804
3034
7467
4345
7991
6672
7727
3130
160
7886
5281
8523
4532
1955
1951
212
2692
1366
4941
5041
4741
6609
9223
7571
3672
7098
3980
7038
7040
8015
8133
6399
1828
2014
8178
8395
291
6363
5483
2260
305
4816
5666
7175
3944
1736
6874
7488
3235
2825
999
2915
9996
5705
8427
6228
8872
9480
2076
709
5394
6682
1442
9849
3187
6356
4525
6943
5367
7617
4402
3791
8269
2260
416
7271
5479
5860
6881
5586
170
6554
4129
2721
4220
6657
6714
9868
9296
5639
6537
5487
7238
7503
2318
8234
5566
89
5304
9232
1795
2925
463
3441
4298
2104
4623
8531
5025
1252
3491
5143
9619
237
6527
6469
7046
1758
4500
3028
5315
8621
1832
978
7112
3354
1011
1721
349
109
3313
7931
1723
5503
6795
4873
5577
2563
8682
6619
9553
3510
9584
4643
2263
6533
393
4452
8228
133
6444
9672
1192
6880
7591
272
5572
5509
7642
7477
6775
466
2891
655
6329
4745
4365
5978
1737
1488
2318
6906
7299
7423
189
9368
9898
3620
309
4812
1304
9341
7103
5086
8026
9434
662
2893
5072
3850
7480
824
9074
2057
3039
6900
6234
7566
639
5461
1462
4136
8611
5378
5600
2691
3169
8017
3111
3828
5401
4614
1637
3643
8089
9971
809
150
9310
195
8533
8741
9159
861
5532
5585
5904
8852
5777
7570
6977
9580
2231
5253
5238
7361
6146
6137
3643
2960
7813
8571
5428
7057
8065
7179
3789
1618
655
3212
4461
6624
738
6323
8065
1765
7951
997
2444
4785
9233
1389
749
6283
7601
5646
9668
2432
4781
3913
7849
2646
9574
2038
6661
4208
3116
1312
9127
5020
4082
2930
8392
2541
400
8395
5913
7514
8377
6232
2819
6989
2253
8547
8932
2991
7693
8672
4129
4964
1853
8678
4163
8416
8502
5811
204
8656
3924
5359
4138
7115
9902
9613
1143
6886
4083
9158
5388
8782
8523
5898
2356
9444
3087
2938
8985
9052
3471
5319
1705
2161
5509
1365
7632
1446
284
9796
5743
3570
1924
3084
4414
3341
1553
9621
7416
8416
1619
2359
531
263
5222
3074
1786
155
6578
2603
5982
8960
3655
8037
8749
184
1644
3773
4362
6755
