128
8436
5810
6760
3899
1557
6377
527
7608
2002
5050
6121
5762
4324
2198
3454
5107
6748
4177
9688
2629
3346
5589
4061
1167
1102
7311
5401
8527
1067
3763
3263
9306
1270
7562
388
3807
9302
5049
538
1098
5291
11
1929
1177
9686
5931
2075
7871
8312
1884
3503
5046
9267
3383
3963
6926
6126
732
6629
4353
815
2994
4539
687
9050
6294
421
4325
4658
3742
7219
2646
7513
3955
4326
3176
7638
9718
3601
824
955
4419
4267
4500
2558
4022
9035
3238
6805
8485
5989
4580
8426
490
3196
959
2516
365
9760
7283
8330
4740
3125
9509
987
5340
9876
2036
8659
1333
1568
5914
8893
7271
1456
1515
5701
2517
3014
3308
5968
8327
35
2149
3133
5234
9265
9381
