16384
7862
7863
7542
6567
6863
3159
310
6752
5758
2622
7239
1826
3267
5336
8506
9008
2130
680
6743
1699
9994
1030
8139
9769
2121
564
5487
8267
2473
7079
2517
7356
8765
7393
1364
7619
6760
9115
138
8414
9227
1949
6253
4247
5675
8434
7582
8679
9619
125
6700
19
2411
5254
8029
8816
5008
4721
8169
4390
2052
1987
3314
253
6437
6015
8971
307
4283
3298
4723
4343
9068
6758
4920
2600
8150
5069
1266
4428
4855
4052
5711
9763
4441
9773
2111
7059
1141
8318
1104
4347
6669
7334
1774
6427
5837
141
374
6076
831
3524
3094
2138
1415
8851
3778
9282
55
4438
9119
3751
7578
9119
9209
6156
6209
2407
3591
2576
7831
9430
3261
800
1748
6724
8416
2041
4138
6990
556
2518
9507
3633
4184
9241
3831
4274
4369
3375
3720
5373
3998
5905
2809
4303
8974
5841
2201
9492
9576
8498
7653
8361
3098
6580
3664
329
5773
1234
4533
3090
634
3529
2080
536
9417
7746
7466
2438
3326
3726
2726
8143
6844
3662
3581
62
7147
6814
1326
5510
7247
5340
5908
774
346
2474
655
7414
5638
7141
6438
4978
4900
3640
2528
7849
7231
9555
1477
3716
1132
3217
4577
419
8959
1603
5441
9061
3268
1061
9659
271
9844
2760
9618
7655
7269
8301
7021
353
9749
2891
1340
4082
5225
8356
5360
41
4166
9908
8884
6205
5437
261
2666
8428
3691
226
4920
7444
2250
8993
3854
1650
4935
4060
3060
7467
921
511
883
2991
518
677
805
5052
590
2825
7845
4675
3935
60
2364
5849
1165
8786
3161
4525
5577
4454
8507
7207
9422
2329
666
547
3934
4001
4036
9306
9520
6717
290
1384
515
6999
5775
8335
1089
5968
5911
3229
635
273
9772
1161
4410
1989
9675
6697
5348
1366
2081
6282
9358
7413
7833
7641
2340
4100
9463
6725
1886
9715
5405
3381
9580
2277
2681
456
4554
9663
7845
4560
1359
1417
5081
4738
7807
4914
6813
7787
714
6052
4717
1104
7320
766
6106
6309
3345
2593
9796
9716
9794
8130
1895
9703
1788
8101
9032
4656
12
831
2506
9454
819
3910
5706
6719
8796
8668
1628
3902
2724
7093
3815
6713
228
5405
9860
5264
8773
1746
9343
3753
316
5132
3473
6882
9327
6025
4618
1293
9913
846
8799
5525
1338
495
8494
9827
1132
3652
8757
4858
1272
1308
4228
6320
452
7233
2011
5820
1485
7194
5327
8286
9143
9828
4574
9312
6237
6063
6021
8271
6674
5582
4996
273
3256
9834
9239
4306
8852
9369
4112
2628
2409
2133
8361
3077
3231
2027
2404
8806
3860
1287
4311
1349
1158
8937
9726
853
9706
1009
8350
7856
2533
5195
586
9712
6656
7407
3594
6417
2804
7130
161
6139
8069
3649
1480
3035
605
7853
4042
8337
7180
4762
5673
2075
4992
8975
106
5991
4683
1000
9826
2766
9013
333
3970
3150
3338
758
5614
531
5660
8573
4146
4488
7355
7953
7154
8711
9392
11
5479
4077
4182
283
6599
8405
7513
5597
7327
2531
5964
9911
3370
4022
7953
1407
9702
7686
8162
476
5576
1295
1012
2381
4273
2671
4578
8467
1407
6499
5122
4191
1437
7100
1940
2258
7399
3603
107
9462
5733
9469
5083
838
9719
2639
1676
7955
3264
467
5566
6086
1722
8750
6795
6295
317
3518
669
5398
846
851
4592
5837
5057
7886
3554
8484
3429
9892
8568
2642
6621
7191
5071
2842
2307
5654
8425
8962
2326
1998
9206
760
7375
4119
4431
9140
2646
9558
1277
2249
6832
8000
3591
5322
7177
7111
1540
8596
830
5164
6139
6882
832
65
4150
7882
2711
5746
8365
8554
2135
1298
8032
8627
5924
1822
7446
2386
4615
6595
5616
1759
3590
7891
5825
6469
9611
7560
4656
2057
5567
2094
6394
6075
5649
7036
3649
6518
6287
3426
9154
7234
1314
8974
8059
7895
8648
2639
6142
4763
2560
8789
6865
9624
9961
1530
4382
292
6648
7427
4767
594
2815
6958
8722
9686
4204
6989
9113
7643
1048
4620
8985
6359
7584
3643
4983
792
2463
4804
8583
9332
4679
4793
5302
4751
8174
4789
5480
4093
2978
6867
9832
2475
3625
2734
3667
1869
5138
2329
3055
7085
1774
3594
8145
8008
105
7336
901
605
6542
6099
77
8852
669
1692
6254
1053
6438
1067
9434
5431
8532
4926
6677
8884
5228
2323
7877
8856
6252
5606
3425
3941
7598
7014
9534
8338
4890
1687
7655
1831
8818
1314
8757
1833
6266
9203
7569
3488
2129
4822
5006
846
4403
8998
8281
3812
6598
5160
8530
4049
5997
6859
4761
6406
694
2785
3401
8725
9526
5336
7928
2111
4120
7237
1046
3042
3290
2498
9762
4241
6456
8758
1191
2561
7062
3116
9601
9257
1593
4158
2022
5467
7039
3573
5879
2889
273
121
2713
328
7853
5114
6902
7938
235
8082
6313
3387
8435
9274
9560
4046
8419
3435
9850
8480
3647
9495
2756
9880
6694
5563
5696
3669
9236
4123
4254
7976
3392
9451
7232
4780
2487
806
6687
2879
6498
7963
6710
2871
9400
4104
4328
3967
153
7604
2871
871
3109
1957
5588
7151
297
6520
733
8578
5807
7836
9748
9451
416
4813
8801
8260
8531
1997
63
5917
9400
5587
2702
2715
203
489
3340
4871
6862
4094
9712
6142
3723
9558
663
3953
8597
6454
9218
8627
5530
9754
4021
4267
6938
162
3925
6617
9042
6696
186
7781
3711
8083
5149
4463
3418
5728
4717
6422
3507
6554
3470
3802
1003
8163
4050
4446
9411
7347
9474
7617
2201
1460
3938
8333
9362
7481
4988
7321
5065
2319
7736
6865
6323
2142
2595
996
8894
9699
4288
151
6040
2904
3300
9319
727
3093
675
2152
2325
862
4549
49
9672
5689
5431
9909
440
2267
4563
3402
8637
9053
7639
9652
7624
8078
7967
8510
1894
77
968
2961
8955
1748
6677
9094
8505
2639
451
7214
9524
7350
6074
5638
7544
8293
3067
5167
369
4077
2828
729
1913
4793
4883
4994
8378
5044
1197
180
6371
1417
2123
9373
4426
8292
9937
784
6949
3885
49
4973
1197
9665
5300
7844
954
9752
1884
1452
1850
6898
7084
3885
7193
2872
397
6312
3315
4216
4556
2217
8473
3684
6681
5498
3958
8765
1143
3504
1694
6272
776
359
1907
2535
1882
111
7331
5384
7055
6824
8203
8813
5296
8737
8706
9809
1317
5795
2083
4626
1625
8644
177
4713
9359
6990
8810
4866
8971
8187
7184
6095
19
5489
1100
1277
6361
21
3787
6172
4935
4898
7732
8387
8272
801
5216
7735
2685
6747
3908
5996
4517
7047
3854
7792
313
8105
8816
6249
5412
9762
4556
8957
233
6348
590
8371
2222
4569
7859
8662
6181
7920
6368
2386
1984
6844
7359
1251
2002
2563
168
4428
6536
3216
4908
3312
2369
5693
3804
5417
5791
1406
7338
2903
811
1800
397
45
5056
1632
6979
5850
4903
6519
4319
9146
7504
2550
1006
691
411
5742
191
2719
6700
2297
8264
9931
151
314
8410
3765
7181
5360
6900
1518
9683
6962
6864
2257
4582
4415
6345
6873
1999
5277
1688
1226
8564
842
5148
9093
2088
3948
3877
1765
4635
4404
1487
8562
9203
6373
2644
4402
6457
65
6790
9675
6002
3289
6518
1710
6280
3812
6563
8557
1072
8723
8080
5821
4998
5075
4009
8300
4089
4670
1497
6753
412
2717
6325
3463
6250
1453
7374
1064
7533
3968
9099
3348
8706
7617
7567
8259
5560
8550
8295
1525
8370
4308
9698
5349
6019
9553
1374
8817
3763
488
1132
1474
9955
3876
8217
8443
8294
300
1156
2602
1421
4891
3227
5530
3030
8235
9920
5699
7977
6894
4397
4565
9628
6470
8440
2634
9224
5638
1019
977
2327
7686
9334
9962
5773
6209
8128
7962
4392
8368
3941
6599
8347
7562
7075
1709
3194
801
8881
7644
5795
811
774
3370
6853
9867
1193
7333
2524
2249
6789
9635
5272
2207
2090
3789
7506
9855
3214
3623
5455
4965
8339
5852
3666
5451
57
9946
879
8469
4525
2518
858
4046
7859
5233
7643
564
5290
9690
1978
8248
1863
5489
3983
6700
6257
293
3054
998
821
6821
2962
9793
3533
6365
863
3623
9800
9189
5426
3321
8605
8792
2499
980
8065
2724
2043
1662
6388
5386
2936
7467
943
7430
2923
2237
9912
369
4419
4718
5125
430
9843
8213
5910
7928
7386
5928
4039
3135
272
6185
1851
2998
8634
1405
3503
1511
9688
1263
8255
4570
2804
104
7159
2691
8130
6419
72
8803
2665
2019
5237
7188
9235
8958
7023
4884
597
7043
8588
9782
2567
1125
954
3514
8197
1584
4562
3944
7337
605
7891
5116
6406
7286
3921
8024
4342
6933
3740
1230
2147
5517
6243
746
749
913
4685
4306
1686
9055
100
4835
2681
4197
2599
3821
4206
5379
3838
6901
6951
8313
3421
3436
365
2745
8094
6055
4759
8713
1915
9664
9960
849
5775
5135
913
8252
2581
3059
2936
3115
651
3345
4429
749
5538
1896
5617
1552
2525
9227
4144
410
2554
8600
4686
3043
6227
3731
1312
5341
1562
7252
5204
4429
3791
5821
1632
7182
899
7596
306
951
3020
8616
9702
3214
443
4136
9886
1583
6361
8878
2268
2255
557
2767
1645
311
503
9472
9528
1354
5050
6576
8628
1056
8083
6116
404
4042
2177
9817
6579
7825
9625
5021
3623
4016
1684
2834
9740
3640
8748
705
7295
3692
7260
1863
4194
7642
5552
1859
8503
1547
8554
6157
8329
2556
9358
8502
8495
5318
8524
3806
4446
1779
5419
6140
2666
9002
8033
1725
8883
393
9404
491
9798
8257
6181
8782
5822
5332
8538
2734
9938
366
6451
5356
1544
4178
5645
3037
2387
8020
582
3778
7072
3625
5328
6910
5830
7055
8669
4507
3557
2955
1723
9190
5591
6253
4079
8172
2749
5871
320
8898
4937
4418
7167
7173
3680
3911
8935
5930
8786
568
7814
1713
6483
1156
9732
639
6105
1799
4251
6002
4798
2899
7918
5198
599
2364
4751
5293
8105
2557
5937
266
1098
8437
806
9217
5542
1236
4189
6759
8790
8389
6184
4306
7093
2334
3030
2111
1056
7644
7284
4197
6261
7085
2795
8286
9992
2080
5858
7161
6280
2697
6521
146
2520
4068
6090
1426
2442
9947
6866
5523
5948
1509
7573
5674
1845
2146
3855
8167
4225
3459
9442
3574
5234
3964
9803
1664
3767
4275
702
2557
5097
2294
937
9943
4004
6812
5434
7618
7526
6238
4981
6306
8839
7616
1855
1549
8696
353
3030
3231
5635
7795
3959
2124
4402
7584
7910
5318
3301
4458
65
914
1618
9178
8450
8256
8626
1481
5138
245
7918
6401
7432
8080
5126
4962
594
3708
2011
2583
3725
5880
1479
905
599
1579
9005
9386
4775
8693
8155
2276
4740
9099
5719
7148
903
5322
4923
8911
6092
2111
4856
8251
583
4711
8333
820
7844
2833
5023
7909
1889
5748
5032
9352
7025
3735
234
3495
4216
6930
8608
859
4823
2785
5335
2291
6784
9162
5908
2033
2943
7135
9618
3764
4415
6879
6473
3229
8982
366
9330
9304
1210
1712
6369
1241
2477
5120
6923
3067
5149
296
7838
3570
5467
7500
7258
3330
2389
4414
2683
5792
5940
6138
5796
8867
5244
8749
2145
5131
2834
5381
4413
8062
1922
6083
851
6392
9723
7871
1810
1794
8301
2379
1504
6060
4573
1875
6319
7660
6074
9502
1973
814
9564
1652
8298
4573
1385
4482
3174
4763
1315
7650
4831
6520
1705
6487
3503
5011
8506
1874
7156
4623
8813
1380
1560
793
7327
3339
7654
6739
1290
5185
1346
5191
3683
2632
3532
3781
5854
7211
4931
7893
7323
5845
1611
3890
457
7606
4602
3047
6562
3708
9379
7536
1065
6679
5482
9059
369
9835
6497
1271
859
7902
2274
1707
6177
6772
5228
3101
2594
1871
4719
3949
2255
1499
7920
8836
5102
9308
7902
7546
1352
1886
21
8906
6395
5172
3681
3522
8460
8270
1988
5601
6796
8399
8195
2290
5867
7530
46
7992
3242
567
6187
4542
4406
5372
2548
2276
1301
502
8462
3751
8930
5139
6261
729
5515
1910
6934
5549
1025
4275
8048
3790
9428
6810
5592
8219
4266
5394
9199
1385
2118
3022
2175
7488
4759
3545
5455
416
1371
8510
9283
1737
6931
797
5930
8922
9902
8520
4617
9429
8189
2863
5845
786
7716
2090
1669
6056
5250
7153
3316
8821
3636
2770
2908
1915
4307
7264
7186
2036
4087
9085
3779
9506
3712
2421
3595
4165
2250
3468
3856
5273
2013
7544
8599
2121
5890
2712
603
89
1409
7073
4015
6960
5374
173
2041
9484
5505
932
3023
7133
9555
8521
5703
9412
511
6263
9159
7250
1312
2458
6251
142
2451
3265
6549
2873
1674
6047
3916
1448
815
5249
5660
5751
6628
7291
8894
3666
7882
76
6331
9946
5514
7874
6411
1999
8851
3594
8753
8350
4200
5630
4722
7157
6468
2382
4168
6607
541
7039
4453
5981
1402
6995
3535
6176
7237
8833
7271
3931
3075
3288
4208
2443
1058
7274
8190
7323
3491
6380
4585
422
9975
2154
3950
1388
7959
636
5725
6338
9615
4126
6280
2577
4806
5813
7323
7373
7031
2588
2369
5081
8086
6741
5883
8851
8367
1699
3439
6034
5343
6466
3900
6227
6080
3585
5271
988
2695
1938
6198
6789
5564
2011
1372
8998
4912
3976
11
4056
5809
557
7911
97
7972
7085
712
2679
1433
2942
9613
8728
5415
951
2957
4481
5930
3290
9381
4308
1677
3162
2539
8803
4493
4698
6303
3531
2601
6772
3399
3556
9338
5804
7065
7621
3927
4697
1305
5003
386
2008
1120
3370
6534
2698
2151
9328
2378
7414
5982
8079
8090
5064
1720
7363
4904
8230
3902
6816
6629
3897
2336
4234
4596
9973
6298
7658
2718
5695
9893
5937
5481
6560
4050
6482
8049
4351
1121
6617
1955
8231
2731
9544
4309
2521
3067
4214
9276
7422
7032
7708
9068
9451
7444
2291
4774
7428
6338
5238
1936
806
2195
1701
815
4160
3962
6415
8073
757
163
3509
9490
4388
8784
8743
8769
6043
488
9377
6618
4199
9528
5699
7383
5554
5054
4713
2222
8893
4602
7385
4789
2337
629
9405
2497
8497
4846
488
3514
266
7687
6358
5639
2690
7615
8208
1093
9671
7055
5992
1323
7189
7127
3185
9755
6214
5765
7941
1621
8658
8117
3445
6311
3135
7091
4476
7821
7727
2814
5872
4298
6757
3469
2808
7797
6225
9840
9239
8929
3285
5641
1314
4485
3299
1197
6363
640
8578
455
3163
7325
3337
2431
6055
7018
6321
4138
1294
2570
7545
6650
4565
6298
1784
3559
8439
8129
4872
2320
5804
2236
5987
1298
9168
2605
7815
6269
2178
2432
1711
9517
539
5287
7600
7204
2117
8818
9606
652
6935
5632
3006
4866
7341
1491
7049
3441
1849
829
3887
8867
560
5354
9295
8538
194
6937
4628
864
1582
2793
6431
2847
5476
6372
9209
4382
8568
5830
4451
3186
4504
9510
301
3664
2558
9065
2345
5679
1924
4327
9502
6339
7517
2604
734
3212
5465
9101
9303
9053
5884
8209
8473
6103
5044
3095
1254
7321
1723
184
7075
930
4717
7514
5934
4617
6289
5271
1570
6814
4918
3791
7297
6163
5123
9594
8231
794
9575
424
4817
4447
1812
1487
9969
4822
4348
5285
8442
2482
3281
5526
6734
5527
7285
3303
886
4455
9245
7648
4081
5989
5887
3080
9727
9613
15
2207
8056
5078
5941
2656
3196
4004
9247
6387
3482
1324
3264
523
6004
5492
8554
407
9416
6367
2749
7108
9983
7034
2414
1772
6187
3333
9934
3096
7640
5282
847
9798
1969
3592
7099
2577
8223
9159
6637
4330
4335
1243
8533
4760
7255
2532
3789
8333
2312
6295
7005
4119
6867
3598
6717
5759
167
6021
863
643
9591
6338
3047
826
1226
5720
6717
847
471
2298
1568
8728
883
1425
6767
3401
9070
6088
9685
6726
252
8752
2006
1149
6067
1387
3166
3372
5322
5533
1778
2615
8647
8801
7619
3956
1882
3383
4070
2727
2734
3876
6757
1947
5000
7425
1799
2168
3467
149
3168
4741
6291
7714
9387
5785
6354
4042
4174
5514
2973
8185
8306
5293
625
5114
1121
5550
6786
5541
7772
1887
357
98
3878
5711
8272
6892
5440
4007
5938
2841
7328
1208
4185
2137
4895
506
8524
4074
1645
886
9276
2767
5576
9024
4737
4173
6236
3212
4319
7990
9665
4073
7477
8990
4322
998
352
65
53
2149
8570
181
4940
3165
6510
7638
750
360
8241
7567
9427
2848
1705
1997
1387
4480
680
9941
5544
4194
7921
3590
8738
3347
4099
8880
803
8909
6066
7861
6958
4678
9344
7346
2458
795
9016
9633
3673
7272
1098
7941
3280
4455
6100
8253
7778
7525
1671
9154
2391
8938
9614
8574
8402
1675
2443
8896
8260
3458
9286
3064
8708
6917
2694
4462
1168
9602
1031
4922
3444
42
5472
3593
1536
5960
8339
739
4754
3683
6935
2067
582
7203
4712
3007
4305
8391
3254
3934
6194
5650
783
1838
8809
850
8690
836
4839
8975
9069
2259
499
5002
9295
8963
3177
575
5982
7357
5703
203
888
9296
8841
4873
9272
7026
4307
4464
371
4643
9074
4177
3707
4781
8078
6463
808
5567
9371
3316
9808
4862
8869
2036
6515
8220
3909
8176
3589
8496
3919
7282
8043
5707
139
4063
3168
6768
1100
1755
8704
3716
491
5450
9026
5448
9304
9718
831
860
4824
6355
5830
5020
914
5060
6169
6038
1718
8730
439
506
6922
8571
2859
2663
8726
8444
6282
4382
4415
1867
2633
9283
2024
4371
6040
9506
1760
8066
5743
4725
6277
3288
6116
8461
9494
7784
3089
5062
1797
7090
9598
1783
2917
2656
8945
2054
9540
442
6577
123
1856
8522
6511
3904
1038
4601
1890
2538
3459
932
33
610
5898
2706
916
9409
6212
7429
5725
1559
2455
3494
2752
4056
3176
464
9398
4978
6407
3620
6730
7478
8853
2005
6571
2839
5114
4730
1282
1452
3893
6376
2594
8159
494
9864
5112
3790
9149
302
4075
1071
6122
3337
9464
3632
3433
2933
4124
9619
3897
6680
38
745
5155
1478
306
1515
2471
3159
2045
1881
6357
4046
8197
4716
989
6992
8803
1416
7613
3626
1961
9072
7041
5352
5084
9141
8541
4923
302
3160
3303
6110
3277
2939
7099
9681
7386
6692
5615
7354
3491
8477
2588
5474
7890
3373
236
9231
266
4350
8427
6064
9242
9819
7212
8809
8540
4829
4399
9016
680
6158
4259
7720
439
8276
6333
9817
8452
9708
6186
8238
5037
8085
6678
9395
6693
7733
2166
5686
5330
7298
7620
64
502
5868
1594
7763
4548
9430
1920
7274
2079
1603
1841
6095
4165
4136
5527
8807
8579
832
7101
5814
7538
5059
3590
9076
7249
1868
4748
4781
5754
2938
8576
6760
9782
4519
7371
4447
5557
6098
6958
450
2369
3004
6345
5439
1478
2680
6782
8870
9239
8567
448
5703
7253
2038
1754
3169
7775
1044
4372
5703
453
6841
1984
3472
3268
7296
7866
4217
1956
6330
9853
1879
5597
5261
712
4197
4715
1659
4970
5677
5140
6879
1511
80
8439
6167
1503
5337
4857
4126
5383
6811
9222
2084
4189
2410
361
7771
7029
6068
7759
6670
4143
3697
9462
9874
6181
7299
3828
1382
7751
1651
3852
6787
6982
3704
6194
5095
8492
1762
4231
1568
9265
2891
6266
9006
1708
1708
3188
8728
4276
7804
4531
1752
6030
5527
3693
9293
556
5958
4471
9921
7664
4492
1973
8314
1362
8333
3577
9406
4568
9284
4378
8624
3000
2571
4752
341
7313
8371
8456
6019
7983
5858
4871
815
3275
265
5350
1166
4097
6177
1862
8801
8071
8264
2055
8210
9017
9622
271
6941
2273
7929
2243
8731
9123
5271
3394
4808
5442
9407
6113
4798
1800
7308
293
3288
1972
5307
2802
9976
9516
196
3993
8831
5583
846
1285
9676
2410
8514
8304
4151
8130
1784
2755
7969
2526
380
2973
1079
9426
1397
8313
9794
1552
4303
4994
8667
1186
7851
3288
1680
7061
7182
5300
6915
7791
7869
5207
2335
117
1797
6448
8502
2873
8056
9148
3770
8918
5848
7214
4139
9907
6498
9706
3651
8589
9818
7716
6577
6423
3647
5249
6556
9700
125
2940
4270
7643
9358
4946
8174
2242
8387
3149
7087
4112
6144
7919
4249
9558
7655
9045
6820
3356
881
3138
5845
975
8150
3124
4928
9696
2664
5225
5445
3004
653
7562
8252
9580
8520
578
4556
506
3430
9289
4095
2310
4653
2132
6870
2006
9039
4956
8505
3632
1240
4286
4097
6244
4259
3772
4432
6567
2405
3322
7803
778
3578
3051
751
624
7881
5921
1508
5521
5482
238
167
3079
815
8665
3989
9968
1042
465
9962
6309
5742
5801
5712
7295
3936
982
6629
8334
1819
3957
9139
7051
3443
7960
60
5954
7504
3312
1530
5977
950
7616
9480
2543
1444
8684
9135
9897
1002
1877
3492
3188
3950
6553
5859
1156
1169
8350
5159
1609
1821
4390
2770
6278
7718
3625
1879
3566
1161
7644
597
8652
9784
3614
5436
8726
7644
1132
6269
1216
3006
355
7143
4546
7649
1824
256
9658
9734
188
8342
5314
4256
5956
1236
4805
176
1007
6765
2840
1699
9472
2467
7282
1461
7022
3813
8892
9182
3613
5862
8351
715
4290
3342
9192
4026
7289
7065
9138
226
3684
7861
6797
4584
1497
4193
216
3263
1330
6407
254
5647
3921
5577
3721
9047
6645
2861
9850
392
9145
1272
1604
1938
8693
3551
7669
2946
2623
3811
9668
7064
3526
5922
5463
2779
3027
9564
1817
8959
6855
3692
3497
5415
821
6417
9917
7466
2488
3941
263
7131
7187
9830
4998
7165
5721
3275
5462
5283
7047
829
6944
2747
129
4078
5990
4192
8543
6749
1328
6921
6888
3632
1785
4721
8734
3773
1868
8056
8497
24
663
2713
4793
7459
5642
1374
1366
8007
5614
1578
9337
3007
4412
6517
6609
3962
6787
6189
4171
4259
3576
5620
4357
1463
1821
8317
6473
5435
6071
5510
2429
520
2345
7883
2264
7071
6155
8584
9984
8100
3592
5509
5444
9424
5164
439
3274
5130
5813
623
1252
1500
6648
2658
3839
7773
4611
214
7490
88
7558
1987
1147
1280
5902
1753
2321
977
1391
9358
2671
1657
8457
8184
4308
4070
6359
9708
2796
7996
8844
3157
7463
5818
4816
3120
4779
8625
7565
1655
8856
2007
8199
9759
6407
4135
4928
9478
6886
7453
7792
9816
6509
4643
7930
8721
373
4485
7206
8760
4874
2425
3124
4372
7337
6769
3010
826
5491
2462
3620
6911
4383
2521
9071
5732
2925
984
5385
3442
9557
2379
8545
9032
9878
9859
2849
7400
4013
6566
8727
1533
9856
8345
2293
242
8517
3890
1041
8392
6983
8771
3927
7047
8502
3559
177
6040
6075
8204
9164
3259
4845
8393
4171
7993
8075
1476
5690
1724
9524
3444
3853
6309
7232
3260
6134
4580
7309
1505
8985
1686
3549
9492
2702
2085
9250
3219
9731
2237
2428
6747
5204
762
3243
4129
3608
9116
617
7339
4544
7354
3335
4453
9368
7732
1983
3460
602
3891
5402
7974
4204
2812
9307
855
4771
3498
4462
6821
3339
2204
7779
9621
2701
8735
535
1635
531
1066
10
6755
4852
9761
8434
4856
8943
8896
517
4840
382
4510
163
8315
2633
4053
529
5553
3700
5405
3860
1401
5757
9741
6649
3987
405
3223
6575
7376
5352
9267
1755
4586
8395
9660
1776
8762
6647
7613
8971
4829
5952
234
7869
9590
5119
6386
5503
2565
4589
8639
1214
2037
4468
1493
7844
8437
7353
278
7816
3623
5248
934
5876
365
3348
1192
5029
5611
6247
8277
1343
4800
6302
380
5958
2661
3767
1757
4031
1850
1775
590
3674
171
6693
6554
1350
3242
8893
4609
4097
2486
9500
3118
5700
1756
4068
5361
3453
494
4707
725
8523
3979
5143
4112
6214
6528
2783
8663
1954
6972
5717
2537
1680
7384
8350
2705
5360
3869
5093
4383
3504
5087
2363
1316
3280
7429
7668
2936
5077
2030
3939
960
4107
4111
9500
6474
6255
1755
8510
1734
4178
8064
6298
6607
9445
4922
6872
7702
7388
1726
2005
6576
9506
1538
8796
7468
2268
8456
353
2179
3984
4897
5828
5310
5552
3530
636
2618
4032
3250
1133
2375
8790
5417
6113
4023
8855
9520
5993
622
4969
7287
6126
5550
1319
2737
7999
3701
9805
2309
449
9856
1904
1918
6110
653
8033
3673
4450
9886
9015
5912
4752
2209
1606
2361
2547
2082
7366
1214
6247
1158
5154
3999
8534
8317
5513
4694
2770
3923
5222
6834
685
1423
9260
9525
539
8617
1482
4508
6395
1118
92
8256
3099
3779
8721
9051
3874
3845
4411
6567
8492
286
2151
9498
3365
2259
8192
3169
4361
786
1704
191
7926
1744
4701
1808
7633
3395
9286
3038
7799
6725
5982
9603
7324
3099
239
8646
3495
542
5060
6673
9996
7761
7044
5713
1942
2877
5816
9900
4348
4201
3553
5202
2942
1426
2553
5733
3128
4377
5556
2592
138
7133
1653
7514
4206
1426
6894
8351
3755
493
4265
8734
6158
6254
1648
3803
4396
9123
848
5087
4608
9976
8929
673
7621
934
3972
8054
2069
8351
9845
1052
7760
3140
8364
9428
7154
1533
7011
5564
7965
9282
3008
5111
3725
7329
5975
9285
4045
4371
6807
6765
1654
1716
2472
8294
6907
3745
7782
8374
8950
3392
4035
3810
593
3226
1901
3172
4673
9048
7694
2119
8302
8564
3938
8884
1149
4906
700
7875
9596
6561
2266
3935
6418
1328
610
1485
3041
8271
101
8885
5434
1316
9403
4449
5794
2774
9577
2532
8001
3321
8479
1864
8854
2069
8493
9804
7926
3289
3477
3772
5650
3584
5981
1544
5339
2219
6575
1525
4
6306
497
171
1260
1144
2437
8124
7556
6853
7793
4506
2448
343
4728
2740
6374
7022
4265
8611
58
8008
8902
6343
3259
6701
1848
6604
1356
9722
255
702
8962
3200
1939
621
1071
5387
1907
4591
5676
3794
8676
2345
6948
6659
6936
6916
1844
9826
3190
6108
2217
504
216
3165
1763
3211
6052
740
1415
3720
9235
7691
4254
7499
9974
9528
3125
718
9749
8388
6307
5231
6191
4454
1956
4564
7193
7159
7192
829
8206
7110
8803
1969
6679
2062
51
9375
8065
784
2775
7463
9979
5336
100
3711
1961
5144
1097
7072
5288
6635
7454
7435
5509
1905
6599
6421
7416
1617
5794
2233
411
6673
6615
2039
1244
354
7994
8138
3336
5451
4387
6243
7733
2883
2328
5413
4306
8109
1725
5382
8110
3393
9658
6714
4989
6928
8696
5556
3094
5610
2801
9229
2707
6390
1676
2279
9702
8298
2452
6507
483
3667
5059
2391
4963
1770
4900
3320
8442
7734
9976
3287
2642
3051
5669
9390
3079
7360
9478
1453
9499
5166
2921
8694
3511
318
931
700
5726
3764
7573
3729
472
4090
9926
9920
821
7276
1131
6440
3635
1336
831
5953
6865
6797
5255
1678
397
7582
3894
8665
2670
9563
999
8887
1322
5728
7742
2456
5983
1315
5505
6297
2040
4187
4401
8345
2982
1638
7645
9465
5011
7819
6973
2474
5976
1076
8194
6900
9886
8739
7907
6130
4285
1642
8166
950
4967
815
6915
3149
2551
7246
8792
9714
5843
3519
2554
7402
3
2087
5472
5186
3395
5119
3124
7319
3602
7221
4041
6701
3957
121
1462
2083
3830
7965
9508
9374
1650
9837
2458
1095
2562
939
7163
5781
3137
2041
8447
1003
682
8009
1379
5746
5273
2894
5447
2140
5737
3671
863
5579
2249
1506
3954
7730
25
1215
7159
9844
2574
3314
1246
1251
4561
5559
8705
2640
8808
1663
9906
3937
8933
3068
6191
4183
7442
2536
5518
993
6048
7305
2197
3731
8844
9191
1523
9042
9382
256
9204
5507
3953
4501
9235
8416
4464
7116
9802
6318
4340
1292
7895
1973
1812
824
3213
279
9272
3849
5605
4737
2823
4583
6906
3134
3324
1349
6044
4184
8464
4746
4310
4387
4661
674
1078
8556
4797
2431
1797
529
1608
9233
2681
7959
7841
4064
6936
2372
5529
9938
1871
5990
1480
4599
308
9713
424
8723
9322
882
6225
7464
1633
9899
6855
9972
6704
7377
5998
7995
1006
4918
6104
9303
8468
3128
9225
9255
7104
646
3356
6067
2136
5833
3464
9214
7787
7828
3840
3231
927
5364
5203
7789
9400
3696
9917
5782
6589
6781
8968
1648
4483
2708
9322
1172
9780
1623
6359
6648
618
9628
2276
9265
3470
2237
3991
2933
4869
1476
7416
9905
5077
8358
3123
8823
8496
6183
2292
1445
4956
3919
2848
4501
3417
5126
4811
3206
2175
211
5844
1511
2622
2976
1216
7735
7807
6814
1674
4588
2060
8735
7249
2645
5220
8650
2385
3806
5047
3477
1011
1663
5176
6279
9079
1337
7616
5936
9529
8461
9112
3745
272
4882
2689
1321
4231
3520
3624
8760
8918
4309
6195
7238
118
1637
4553
3242
4589
9119
4963
2670
6074
930
6231
474
5369
6910
390
1014
1003
5285
412
6084
351
6563
6751
4474
307
6934
2386
2879
4114
4995
7088
8794
8849
7714
4861
8647
6364
6369
431
5920
5354
2922
9589
6179
1367
109
7594
8292
9857
8350
2331
4049
1064
3703
9094
7813
106
7446
8487
5718
5800
9771
3534
2955
4679
6434
2027
8464
7724
9282
7830
9917
9481
2055
8668
7290
1092
2550
4330
6642
2153
6297
5077
734
415
6281
5056
8446
439
7576
2284
1707
9747
6374
7842
5344
7398
5871
3685
1598
8555
6136
6356
239
1173
54
5665
6123
6493
7664
1840
7659
9566
3277
2703
8622
6683
8080
6977
1665
1756
5337
1922
7939
225
1344
4518
8654
5052
6624
5821
9961
6398
5028
1869
8590
4522
5173
4643
8
3909
6521
7949
2566
1441
4971
803
6161
4243
9295
748
5974
4367
8596
2375
9880
7207
7908
522
3622
2366
8559
880
6252
8881
4357
7372
3505
7516
6334
4577
9537
9877
6465
8052
4610
9137
9168
1925
8477
2680
1120
3316
6208
3751
9770
9596
9684
4938
8944
3892
9395
267
1664
8819
9652
5503
3688
426
6339
2144
8477
4203
8643
8510
9285
5388
5678
2645
960
611
3133
3800
1932
48
4199
8671
8420
8209
1854
4004
7476
5601
2365
2585
2760
3367
3280
3820
8435
3715
7725
5280
1180
1335
9528
3995
7644
9549
6033
3209
5100
6646
7120
8703
6863
4562
2891
371
7351
9886
9382
6111
3595
8402
5820
7730
408
7267
8344
7015
2089
1415
5465
9375
7780
2995
716
4126
3835
1715
1306
6202
43
4399
7223
2036
7138
5070
3897
4808
4658
3863
1134
6095
1926
5455
1697
5448
3999
6628
2999
3321
1141
332
4420
5006
5585
7029
5928
7219
2197
323
6849
3553
7364
5160
4659
2501
4766
7975
1472
4166
4246
9226
3126
5882
3037
6113
196
2682
2453
4108
6704
6352
2528
6219
255
8727
3965
3592
2436
6061
7962
9673
519
2945
9545
1780
7008
6935
1631
3363
5905
6723
3296
269
4518
1194
7450
4878
7991
7733
6544
9171
750
2543
4388
1721
4757
6789
4877
1068
8215
967
6706
2371
1526
8075
9831
4059
8964
6528
1965
180
944
9915
4851
374
8813
1161
3088
1583
6471
6625
6520
477
9252
6105
716
6945
5440
3413
8029
336
2362
5972
5832
1558
4468
7438
9911
2213
6681
3746
5411
1629
1491
3281
4990
6349
6255
698
8882
2789
1451
6459
1468
6931
4443
8933
7972
9227
8432
1809
506
2338
1534
2305
6361
9535
4692
2195
916
1521
2124
9749
4321
8988
3772
4465
6282
5071
3079
3077
1757
8689
8256
8925
2386
4746
601
7820
9137
1456
8662
7109
5801
7042
6860
6735
9100
1903
9206
3933
3099
6377
8475
9741
7437
5324
3154
2656
5919
1521
1349
5785
7992
3111
8026
4175
1330
8022
8723
9015
7253
621
5109
1867
3468
2665
1979
5418
2775
3289
8896
3845
7848
552
3066
8236
9726
8708
6089
6836
5332
8436
2435
2545
7856
9642
3012
897
8307
1099
9873
1869
6932
868
7634
5436
32
5555
6461
6788
9913
3199
8756
923
9326
1819
8751
3241
7131
6
2337
8403
6013
8903
5044
7629
8843
3578
4416
6709
7121
1073
3009
4130
3977
8473
6848
6918
3027
5257
8294
8472
4427
7760
9755
6118
8701
8484
647
7643
5050
7434
3928
5904
9366
8896
7165
3473
8106
8287
6658
8993
7004
66
5012
1450
4408
472
3320
7372
6042
4734
8995
2704
2511
2331
2405
4358
8636
442
3953
2056
1262
306
9659
7284
8599
3399
6103
3189
5032
6140
6949
9515
9512
5019
3242
1657
3623
1988
587
3906
3677
2173
3438
4222
7166
4508
5409
2731
7544
5945
8144
8445
9822
9498
53
8364
4982
2971
4045
860
7546
3008
4816
6856
5879
2744
9156
6938
4312
6212
92
2223
2304
9747
4718
4287
1453
2539
890
7237
291
940
4809
7747
3410
3037
6539
8488
4564
9558
4533
2271
7082
2693
8551
7911
2708
9751
6606
9585
7529
8918
3999
5231
3216
3287
4147
5857
1031
5117
2819
8779
4244
7720
4844
7103
1474
9224
2108
5594
4140
510
7586
232
8296
8653
9239
8449
8538
5926
5117
3328
2027
3991
2848
9305
7872
7893
2791
9644
5266
2119
3026
7739
2586
674
4326
7909
3507
7204
4994
1888
7371
5877
2239
5308
8521
1856
1982
7039
9753
8047
5334
9018
529
649
1367
9713
3113
7847
3582
8960
1782
7687
3305
4912
2356
4833
2676
4677
9506
9956
4493
4005
4660
4901
4146
2739
1861
3125
4249
183
5675
399
5189
3230
1187
193
148
2227
1306
8791
9725
8469
1001
5521
3860
6744
9540
4702
862
273
3145
2708
5575
2131
9906
2769
7570
9015
6447
6564
3221
587
5108
3285
5667
6584
3995
2883
1415
7426
7939
3870
4249
6999
9363
4079
8741
2643
7388
642
2889
3630
4313
3744
9272
3100
24
9093
1955
4781
3529
3975
2717
2044
1749
8572
8226
6043
870
3738
8726
8798
5502
4721
9549
8913
5975
3046
252
5697
4335
3074
1010
9817
6980
3977
3796
7584
5196
6932
5089
3008
634
5333
7119
2845
5027
8071
3892
8987
6889
9839
3886
143
1080
6246
6933
6896
9659
4032
4553
1126
419
981
6171
7823
8878
7405
3837
4871
7685
1714
2167
7964
4697
3512
4693
547
4839
981
7355
9348
5419
1193
9463
3357
8865
190
8297
1183
2165
2676
1065
8935
1730
7701
8868
5772
4085
8620
7867
7883
4564
5557
7835
4899
9670
8300
3208
9737
4743
6930
2580
1242
8972
659
2123
4523
9238
1370
9970
8330
2239
8124
5051
2433
2610
7587
4198
6403
9448
6793
8104
3173
6552
3040
4675
3585
9261
797
5771
320
9284
2793
5133
914
4589
9554
2359
7130
15
9301
3097
9852
4663
8952
2119
5404
4174
6126
1565
2948
6769
6338
4605
5710
5168
6796
5338
6613
5799
3518
2434
2378
2692
4107
211
76
6553
4889
1144
4188
3640
3028
545
4486
3288
7539
2803
7157
3099
9260
9322
5071
7027
1691
8833
4820
98
3815
7380
5030
387
4392
6188
7333
88
9496
2389
3311
9531
2663
1239
3498
6741
4762
3594
1287
4686
7090
7291
8528
2920
8283
2663
850
6002
2611
668
2378
4174
7519
8048
4371
7457
81
7224
4524
9950
8896
5706
7870
1922
5255
6642
3928
3147
6585
2512
7509
9012
2049
2406
3794
4552
5401
566
5600
6064
7361
2629
6856
1876
1876
5796
1027
9089
5780
292
2376
9678
7606
7301
447
7791
687
384
6166
5888
6934
5910
9817
9380
4616
7761
4490
5406
9740
9625
1594
1118
1667
7945
5697
4784
9713
9449
7137
4073
1985
1910
2274
7045
104
1272
8933
2871
4580
8909
6290
2051
7354
3561
3601
919
3209
3507
641
6838
6522
3641
5823
1637
4347
548
3905
137
4887
7560
2947
4172
8243
3045
5275
9678
6035
2121
3743
1956
621
4704
3050
6482
274
5420
6126
4036
5702
8763
527
1326
1294
2066
6691
1495
7220
6582
4932
572
5615
1803
1913
8413
4349
9386
4064
6277
8182
2595
9656
2603
1865
8576
1474
9140
1769
8524
7980
4932
3737
4992
9804
7078
5198
4282
6754
6927
2743
6200
1564
4672
4372
2524
34
8882
9288
802
6594
7290
7393
629
808
7044
8552
7729
4675
5604
4786
7717
52
1286
6601
3068
5557
5762
6122
4282
7890
4086
9533
1122
4505
1808
6423
4305
1389
3179
9965
6950
3924
3477
6648
6076
54
7504
5637
7497
672
7945
1485
5035
9357
2064
2425
1635
7098
2422
7410
8949
6223
9679
4656
9970
1869
8605
8654
5653
2850
1369
7541
5912
2989
6928
5252
773
2325
5272
6533
5939
2462
565
9396
6988
3319
3431
6240
9206
8009
3116
3255
8030
6738
4322
3866
3509
1881
6471
5210
6886
612
5921
6142
1548
4121
3529
821
1770
6520
6351
1423
6936
1799
8559
9974
8867
9093
6988
3133
4450
8930
6643
7749
7487
966
3221
506
7719
6821
3897
7996
2973
4139
4603
2287
4597
1502
6200
9139
5128
5024
5119
4627
2800
8723
1536
5386
253
5173
7503
8395
1321
3413
3375
9027
9156
3662
6080
903
9162
1002
8277
3914
5664
2500
1344
4490
1668
869
223
1327
8431
9345
2361
4094
2540
6945
9354
4803
654
5653
7760
904
9050
9317
8749
1274
328
3370
3754
7423
4096
7036
8430
338
3890
3671
4336
2035
3714
7921
8987
2271
1343
5946
2544
3894
2589
9901
7657
4387
4091
251
5738
2184
9233
4959
2783
2827
2849
819
170
8640
677
8606
4759
3949
9050
3274
1380
2753
5803
2591
8479
7652
753
9705
4804
4870
5615
5004
4545
8446
9009
4471
7499
2177
1839
2964
3014
7272
1000
4333
427
8278
9520
1548
4575
3788
9159
7275
953
7721
9579
3148
2130
5347
3139
9810
7514
1004
4229
4826
4819
6995
4215
3582
3632
2089
6144
3376
6541
9582
4746
8993
9238
6946
4403
8805
8580
7590
4932
2539
448
4952
4744
936
8761
6388
2477
9200
3270
8716
2228
6549
5070
4113
8430
741
8516
190
6781
4685
1879
4730
3329
488
5330
1867
9683
8234
222
6214
9193
8824
6732
1794
7038
9106
7528
2905
7767
600
7829
9561
8491
6517
5211
6006
3632
9485
2062
9182
7431
8285
9464
1417
4057
8471
7896
307
1616
4805
7447
1032
7705
7319
636
8803
5128
9252
7827
3093
8756
6108
2406
6571
9026
33
7826
116
7339
7183
8053
250
6723
7561
9652
134
8017
5786
2982
9056
8141
2894
9024
99
7699
3760
3349
1988
7737
1125
477
8656
1054
6707
1841
9609
341
9572
4711
7745
9243
2827
5101
8717
2175
7974
9079
3249
2525
4084
3902
1753
6589
7270
1984
2024
704
9707
6859
8212
4565
3465
9318
5234
2063
5651
2570
5291
1840
8225
6919
2523
5047
9303
9560
3738
3455
5775
476
7770
2556
8028
1635
8988
772
3457
1529
8738
7591
2711
8754
4951
5267
2811
8639
395
7415
184
3424
1533
4857
6895
4779
6129
2514
7907
7572
4266
8079
766
6102
3074
9701
9
7769
3956
1348
4231
113
77
4679
8777
3889
5511
6062
1888
7026
2386
470
384
5096
6240
2988
9162
1220
8166
5354
9789
8917
4739
3950
7957
8020
540
1130
7115
6508
3085
711
6144
4901
1014
663
4480
6444
2459
4536
1761
5546
9117
4606
8607
7491
3429
9303
4983
3435
7300
9736
6697
2949
9686
5244
9999
2840
6776
2880
4818
3494
9985
1235
276
7275
1814
2465
8833
1168
7212
2553
902
92
1943
6949
8327
577
4482
4590
9222
9031
361
936
9892
2087
2171
2772
5018
3613
3740
6410
1215
2248
1639
1537
3773
2406
9069
3212
8271
3647
37
1407
9779
7507
2350
3029
8776
3678
5266
4819
7923
7281
2366
1611
9354
9818
4599
608
1468
6265
6387
2645
8305
6546
2345
248
8181
6661
7927
6275
7402
5831
1660
389
5498
2235
2044
595
1810
1386
8935
1910
2690
7201
4262
5129
5674
8086
5811
5479
5777
8109
8426
3085
1509
7735
5571
1319
5894
9902
4603
9484
4872
8457
5791
833
4060
678
4175
6159
1229
1092
7498
6738
6248
5455
8519
462
8704
4051
6196
1634
3646
9164
2702
6849
5475
7621
8819
1492
6559
4738
4690
5363
6910
2454
1609
3852
5756
2907
8516
755
9705
7560
6554
1653
6786
2925
7813
173
3026
259
4833
8190
4348
6125
9427
933
9766
3010
4093
3609
7350
7261
8432
8851
2342
8488
9731
4547
387
8445
9783
3361
6714
7930
1459
5862
7168
2735
3658
921
4783
3923
9241
5859
3377
8424
8293
9647
998
546
9326
2801
6387
4403
2150
9288
4957
1366
9067
9099
9449
3571
1247
7439
7504
7723
1680
4054
4706
9211
5456
1099
9527
7197
4474
3687
2233
840
3144
4600
6521
3577
3446
503
5470
9832
5260
8964
4205
1910
1511
5212
8366
2261
6850
8780
3226
7637
2898
3416
7028
9714
5760
9610
7581
947
1372
713
1235
9649
4308
3057
9551
8304
1891
6460
7197
2475
7144
2278
6695
6438
8608
7757
3905
3005
7768
2662
4164
5140
628
1823
6619
7024
9324
7236
7954
5406
5176
4840
472
1624
7057
5233
397
7692
8880
2910
8623
5568
3103
4847
4684
4580
5841
1895
2911
8660
8561
9728
4011
622
5473
9081
731
4798
2074
7877
2173
9824
8837
4732
6927
3079
975
9477
2659
9048
9443
2185
5587
1906
768
4516
4902
8262
8057
2742
4099
8844
2073
314
7978
6457
9429
5182
1904
7760
9998
1556
8097
8329
9114
7793
2071
4566
9072
617
4692
9383
8736
5535
9964
7374
8329
7598
440
6398
5646
5424
99
2568
2133
3384
7209
3703
1960
2447
796
4913
7300
2985
7610
364
3041
8449
2348
9111
6422
2360
7620
8942
5700
9092
1401
7659
4463
9395
3457
5307
3744
7300
9975
5422
1924
5535
6639
4324
5036
2322
2214
6395
3074
9773
7548
9575
4065
2382
2419
8670
63
902
7326
4154
7400
5310
2548
8986
8132
2872
5059
3054
2920
8719
2299
5869
2922
7745
7525
7156
4179
8609
2410
1160
6310
1641
4236
3283
5962
683
4109
2480
2748
9410
9221
6647
4801
5475
2880
6366
8198
3818
5393
5821
9326
6959
2451
8210
6531
4653
7241
7466
4166
3384
7318
4009
9506
7614
1448
6690
1322
4290
5144
7334
9341
9878
9961
2930
2949
3896
8747
6503
9714
7262
7036
8950
9664
5345
15
8732
20
9202
2454
8371
4089
6504
6218
6790
5463
4401
7541
575
3434
3227
7627
9458
462
8264
9745
328
9804
9460
5724
3867
8148
6130
513
3947
3649
1030
7590
4310
7605
1260
2117
3076
7381
3073
9421
4005
6790
4540
9823
7923
4416
8557
3905
9096
2914
9373
6882
2863
9823
7533
9266
2446
2330
1059
6463
4745
6684
2988
8056
4843
5164
518
1029
4744
9556
5515
4255
7161
353
9308
4310
9890
1766
9636
6826
6685
750
8682
4647
445
8512
5586
8878
2180
2190
6160
243
4109
3132
1034
9327
1579
6907
7787
7147
5758
7545
4426
4044
989
3279
2028
9028
7460
6040
5169
7913
1114
1828
2203
9369
1125
7673
8368
9012
7340
6131
5979
8605
8610
4948
5883
4524
6490
306
9670
95
2987
4563
5620
1575
6262
6549
9801
3238
9699
9556
3762
5103
4615
2950
3619
3118
5969
1113
3494
5884
380
1327
7995
1945
3938
2206
723
3547
7825
4291
4528
1466
5891
6516
4302
855
4285
3722
7089
3647
281
517
4889
1902
91
3471
3048
2794
8033
380
9224
3413
4663
2063
3726
9221
2115
9544
705
2965
249
5323
97
1815
5256
4639
3042
5821
9500
6439
3787
2794
4776
3854
4775
3806
2224
758
1720
623
3399
3609
8722
8094
1825
6502
8431
6410
9170
8288
7154
2802
9472
5887
3982
3029
2771
1856
9733
6329
8551
9075
443
6322
3042
5012
3964
4953
8881
3509
5543
6255
5081
4912
5742
3887
9943
1277
4817
4905
5108
3497
2458
1863
5950
6990
227
9861
8245
5256
7099
7449
6241
9679
8100
4205
3003
2597
3402
7206
2773
1174
6593
890
9150
1980
2059
2879
748
1512
208
7681
5628
4224
3303
8056
7006
5707
8943
3469
9831
3410
2356
4878
7099
8299
8855
5998
8288
2807
1949
4355
2502
3998
4807
1022
4677
7553
3850
2220
9063
6668
1441
490
5799
2350
5920
2875
3559
3259
8762
6208
2970
7202
9935
4588
8752
211
1745
3374
2077
2702
3773
3793
6037
8832
7296
8449
5781
4422
7010
5319
6085
9838
4096
312
1101
7354
5699
7731
6455
301
1749
6639
9230
7618
5553
2846
655
1758
2096
1487
3895
6035
8478
8953
9812
6717
838
2293
7447
1201
3100
4025
3275
391
3932
7435
1243
2500
9112
4700
9006
4246
4425
1989
65
9156
797
4251
1902
6800
2477
6091
315
6791
2715
2779
1541
6931
1013
9661
887
4403
3427
5906
1674
5761
1741
840
6266
6733
6032
3407
1248
2434
9445
9254
9070
2951
3070
7756
4575
1012
3938
1780
7171
6758
7228
8321
6449
3204
2539
2149
1016
7914
8125
2736
4203
4610
1112
7334
777
9186
6245
3577
8970
7744
1001
4029
182
2381
1531
9738
7324
9025
3194
4592
3486
7191
7891
3740
1865
3906
4099
5039
5123
4017
9993
7592
1177
7171
1497
496
379
4927
4707
9369
5779
3555
1092
3571
8527
3360
7441
7689
1307
4254
8244
320
280
7693
6002
6177
8422
9947
4358
2123
4623
9615
8547
8202
7510
2342
4304
8567
1792
212
9412
3175
3434
6855
6465
9154
2181
5063
5652
9111
3274
1188
5764
6090
4713
6036
7799
6800
9542
9971
9446
2948
1469
7246
8472
7720
5387
2742
1840
1697
1100
3049
6767
7204
4542
9492
7532
1270
3997
3194
9938
8601
4804
2596
4113
3262
0
3331
6459
5793
1522
4164
145
2942
9898
2277
8736
7990
3727
3020
1127
4332
3886
3260
5793
8721
7631
7178
7939
2127
7018
4805
5881
5699
4078
4240
8138
7537
5625
9693
3360
814
5728
8822
7013
222
8095
6488
9356
5333
3361
7878
9482
5863
7061
7120
7451
560
7146
7136
6375
631
5519
8287
2554
6440
7875
8862
5182
6414
5536
3693
7950
2039
2842
4533
2801
9790
6701
4418
7422
7054
9695
8722
8742
9575
6567
3207
5746
7938
3599
5718
4556
2231
5967
4880
1884
4722
2980
8111
6339
7515
8694
3802
4764
3460
8830
3703
7706
6623
6553
2249
7797
5824
6789
2257
793
5540
1916
4069
4147
4180
5595
5329
8643
3578
1403
1903
4075
4771
7590
9815
7890
1217
1198
223
1996
231
8776
2184
8140
9584
5795
5340
3799
5527
3610
6213
7371
1969
2844
7700
7079
1735
7169
7937
698
8275
4181
7290
5923
8104
3922
5
1364
8017
2271
2985
6879
8871
9767
7351
3436
7986
9406
5461
2838
9171
5264
2138
6716
3901
385
5667
3741
2739
5812
9834
7243
4148
7294
6756
6505
2373
6486
7139
7658
6173
4139
9570
8059
7773
5446
8905
3930
9632
9123
4950
2694
9994
3222
145
7015
9243
6784
5375
5993
5176
4932
8572
8997
3454
6236
9822
3874
5620
93
3593
4431
7074
9959
1640
7313
6980
1908
9462
6390
9314
94
1941
5138
6412
2494
523
5750
9527
7083
234
2733
2094
1789
5067
8022
9853
5625
9478
1671
3688
5904
6309
7759
5610
7780
3998
9080
8875
2770
3326
1173
5660
6643
1700
4132
9401
5822
7863
2367
3327
6869
4831
4985
4266
8105
9632
6138
9321
8509
2086
7776
1868
1552
3181
3633
5972
7363
4379
8061
3852
5055
3735
4619
6006
6456
9348
5809
2720
6517
1059
4791
6155
124
1103
306
4628
4834
1851
4282
9721
2704
649
7821
1741
845
7165
3810
2156
8409
4768
7436
2075
3157
1840
9464
1394
3953
4393
7830
5613
9907
2620
1534
122
3576
2065
9420
9664
5832
8651
3901
6727
5687
903
2523
3548
2766
5485
3135
7859
7033
5415
7171
7443
1191
8818
7165
9751
7552
3671
5531
2177
1392
3181
9152
7494
6037
7231
9975
3652
1141
9045
743
8831
6270
5899
6931
5982
1365
9041
5276
6841
1170
3564
2031
9007
7236
2055
7333
851
6738
6580
3141
2686
1521
3469
2991
5422
3470
517
358
1842
8629
3673
5009
4173
6410
818
977
7065
5668
3839
7811
5364
9246
4376
583
5714
7628
5615
8757
5478
7279
3860
2329
7095
8519
3618
4114
3064
687
6611
3802
5614
5052
1412
9697
554
3299
323
7657
2747
808
9680
2797
5085
8192
613
4888
3656
9359
423
6012
4905
1491
7274
5397
998
4123
7168
5206
9584
2418
9365
9731
2170
3856
918
2075
7829
424
8114
2765
9267
1568
6772
2111
4139
2303
1916
4446
186
1281
5738
5393
3377
9236
183
236
8118
9137
6648
6917
6605
8900
8695
4238
505
7207
4788
6403
8076
6044
7562
3054
5342
2041
8917
2246
4550
5047
790
4505
4393
9418
8538
9098
6542
3056
2725
1831
138
3988
4903
2813
692
9285
1785
2507
9683
6438
4272
9032
1125
1986
850
9394
5318
2215
3674
1616
7139
4867
253
2323
7797
2576
3254
3449
6508
9083
259
9903
1498
4365
8172
5370
9940
4855
6571
109
4953
1165
8739
9438
4918
973
734
1015
9901
96
8829
4785
9873
5239
5004
2174
8348
5856
2779
9541
264
7528
5069
1101
4823
6778
2138
4293
1347
8248
3647
962
7004
2068
3217
9454
9314
571
4001
4963
5382
923
2696
6306
543
3850
7503
3203
8845
6607
4392
3228
8587
2953
9963
4633
990
8244
3664
7693
3731
4623
9508
6318
4606
4013
1812
504
7991
1943
3089
912
2785
7661
5238
5098
1740
3413
4087
8099
744
306
7173
8501
8025
2874
8855
6751
3240
6492
495
1566
948
4669
1886
3339
9205
4592
1856
4341
4352
2911
6216
27
1761
7389
1085
1190
9554
1661
4755
9140
3280
4915
6513
8626
4297
8090
9417
9419
2333
2205
1606
4489
2533
6201
2609
5758
1873
2341
9900
6703
9192
8928
5834
30
2432
3516
9917
5447
1293
6526
8378
4409
8924
1690
849
2221
8614
7605
9026
3737
4525
8953
6785
4355
7166
8269
1969
4298
5817
6927
8206
3598
6944
4208
2504
1429
169
3022
1275
4054
7248
1987
9145
6215
5341
9033
4397
523
9680
6494
5711
8320
6464
6711
1481
4321
2944
8303
4737
7976
6543
5067
3114
6900
7864
468
8160
3146
8568
3645
4924
5125
5176
5339
7715
6012
7992
936
6637
3386
8341
2887
3687
390
8519
8417
8795
4860
7670
1492
7563
6936
5954
6992
5688
447
4342
7029
6965
2034
1329
8978
9859
6293
9039
5910
4810
6673
9439
8578
4170
6951
1642
4392
2988
5220
3097
3931
5834
3327
6212
3718
4621
6325
1563
8230
8509
1090
4133
1575
7722
141
2163
5126
3387
6674
4071
580
5283
495
8961
9726
3718
8796
9951
8346
5046
76
6024
2025
691
8512
7630
3955
1514
3337
9376
5070
9703
9138
5684
3329
7825
6721
5765
7771
2078
8108
9775
3733
7714
5131
9167
4647
3513
1833
9228
7830
3354
3556
3242
9789
7540
8498
9999
1702
145
4439
2812
7045
6489
3837
4180
6471
5718
3841
9130
6711
6349
4316
8111
9563
2406
4298
7444
3299
4516
9044
7731
1125
4227
4522
7118
9348
3253
7820
236
4508
9060
9915
3214
2230
8471
5029
1769
4441
2968
3178
5372
4080
2348
9912
4699
3191
1611
4012
595
7024
8807
5685
9132
9361
4655
4641
8194
4443
7461
1924
9712
562
6378
9771
449
2240
3577
3690
6321
5281
6612
1175
1825
400
4692
4285
7001
5872
3731
3078
6807
1699
3823
6609
5799
1281
2253
5509
9391
3501
1720
5356
3887
5077
9898
9584
7626
1296
9776
8297
6169
2667
1525
3103
4512
7311
2212
6520
2376
5065
4123
2472
2885
7245
5908
2343
1027
4187
3142
9162
4346
3040
6543
1114
3118
3563
9550
2516
7152
4037
3197
4204
2249
7963
890
8910
631
1773
5595
2012
650
9581
7358
5816
4499
5564
5563
8364
3705
7338
5204
3579
5355
8605
9392
5362
3385
6813
5495
2362
2315
2918
4342
966
9204
4484
2276
154
6863
2207
6915
3088
4351
9543
5948
9397
2354
7247
4308
779
2456
1485
2469
1375
5075
4013
3412
3647
8177
1817
8529
33
9120
8569
3
5900
9875
3617
4480
1170
2112
5373
5171
5699
5810
7353
6382
2563
5353
6642
729
8872
778
401
4032
5562
1353
7569
9746
9114
823
2230
8443
6019
4014
4675
5243
5901
4687
6694
3141
163
6805
3639
2110
7185
9177
1821
4096
2222
7170
4518
759
2253
276
448
4566
5672
7997
1270
968
7963
4130
7893
6571
8346
810
2881
6441
5866
9354
2082
8533
6120
2911
4213
4898
5326
5699
8684
3879
2184
9253
9661
7799
6481
3451
4736
9202
872
6772
7878
6908
5746
6984
3727
3997
5790
8071
795
1227
6819
5672
1517
374
8740
7093
7452
6906
4580
5947
7698
1392
2990
3401
1519
8791
3284
9796
5560
3963
437
9066
2119
5658
2087
5914
1020
3858
4448
6562
9671
5791
5525
7984
2667
5296
9751
2388
9013
617
6695
949
189
4456
8154
788
7448
7720
3151
4850
2562
4626
708
4236
2170
780
8439
7729
8369
9575
6821
356
311
9967
9331
6913
2035
5056
2438
6874
3647
8889
2703
2989
3897
8340
2679
1369
7018
8419
1919
8904
7995
5460
1468
3891
6558
1529
1173
1252
4022
1029
120
6989
1912
7587
447
8182
9644
5255
3494
434
2395
5318
9087
7774
9265
6543
3569
7676
246
404
885
1128
398
4390
7327
5948
284
7496
3660
3967
7701
7783
5837
8507
9612
4803
399
4499
8902
66
5018
5009
9721
4831
107
9485
772
4381
6318
5481
6006
3522
6458
3890
237
7021
9717
6379
9105
7729
6606
4192
6045
7634
5469
6303
1811
4882
8961
6796
7217
9634
8395
462
7029
7000
5592
5997
1851
9101
1688
8003
3048
6580
1466
7773
3781
1122
8614
2752
2955
8757
2613
2074
343
4656
5664
9770
6063
446
1348
6209
5891
7391
4071
225
3550
1810
8231
6768
7818
5603
1248
5590
7188
2704
3360
7277
4931
8384
3915
4699
9735
5223
1250
410
5254
5003
6314
3913
7566
522
2077
3753
2936
3640
4280
8123
6939
3559
3907
1314
5224
85
1833
7752
3376
8967
5061
8156
7828
8523
4671
1043
6210
3392
3746
30
7475
7259
9652
9898
2987
6933
2537
6622
4946
226
3827
4404
8523
9921
311
3593
1739
2204
308
2798
5377
3385
9213
2555
5982
8948
3522
6681
3800
2787
3802
4760
7949
6869
1194
8820
6826
9527
7045
6705
866
4348
1396
6295
5118
512
4229
1611
3702
1100
6739
8852
7702
7340
7838
4392
9386
6703
2804
6483
2896
5597
905
1997
6431
2286
5704
6248
7809
1739
4226
6531
51
6145
7268
1099
7899
267
1034
8925
3370
7330
2779
9992
17
3710
329
8265
139
1944
8843
6106
8210
759
9984
7249
4438
1728
6703
1852
7408
7780
1199
347
4365
6744
6863
3024
1230
4119
6150
7035
3338
5389
1346
1095
1756
2432
8881
5521
2680
3008
4086
2672
3119
1792
1465
63
9187
5796
8227
4427
9464
2952
6953
2002
8121
2534
5552
3166
7890
6295
8334
8001
4360
1345
3601
2931
1521
5286
8023
9445
5502
7558
4218
2256
7684
8432
1358
3817
9311
8482
7431
1405
2215
4976
8459
3810
5744
3916
4237
4146
7691
1216
7260
1120
7313
2943
3209
6071
786
6987
4478
7110
2265
7700
431
1953
358
1255
4871
9831
471
3518
2764
3769
8896
2642
4980
5400
2204
1773
3256
5138
159
5284
6724
7130
7858
7945
794
3587
8373
3706
7941
2785
1843
6071
7545
6628
767
7922
1854
5589
7880
1710
5646
6740
1238
3360
6306
4763
80
5465
9980
4599
8151
2568
2530
6682
6233
1663
4593
1797
4924
4070
6700
570
6259
5196
3717
1501
3564
5876
4385
6988
8108
9467
5189
6319
1450
9610
5650
3741
7773
5795
6716
6678
60
5153
7142
7000
2323
838
1069
2562
8666
7535
5181
3708
5378
8408
517
1430
6509
297
5436
3038
2775
9376
2583
3618
4347
1756
2393
157
2273
1930
6102
304
9923
8196
5598
2220
4554
824
5651
6174
4024
5138
6248
8049
7108
4754
1294
7506
8666
3560
275
736
1860
9711
251
4745
4055
8596
3988
2591
8108
570
9386
5479
8685
1654
6391
1696
6025
29
6622
8663
9570
9618
9652
9245
6315
4492
4188
3599
5983
2804
2847
2101
4696
3424
5318
8611
6222
6560
4922
5158
2557
9219
9403
8540
4327
7206
7789
7666
4283
8979
2931
5102
8842
4600
7443
8932
3734
699
3861
8566
6611
7874
5068
9295
6588
7994
8673
9042
6260
3296
1463
7942
256
652
1814
1969
5325
8681
833
1200
8281
5651
5919
4610
3798
2549
2211
6719
9493
3612
5759
1537
2582
6317
2302
9559
9962
9331
4420
122
9710
5373
9788
6995
5451
235
6310
962
158
1000
1435
2287
9830
9163
6023
7632
7452
1426
6427
9676
7428
4316
4700
9176
5960
2507
9373
5046
5915
7688
7567
2436
2546
1506
1980
9944
870
1895
4755
9552
7483
1006
9480
9591
4657
2197
5176
6154
5366
5149
7111
8040
2261
2446
4356
4478
1454
4091
5952
4048
5008
7324
8528
6442
7568
4476
4272
9770
742
21
6587
5424
209
1840
9868
398
9651
2780
9136
8253
1386
6092
3351
1392
4915
7126
4308
3468
8398
1174
5867
6466
227
1342
9050
109
7957
496
982
6979
7295
8777
2285
7307
3263
6364
9277
9379
7006
9448
4895
9886
7912
2295
6529
2345
1201
176
258
6108
956
576
5933
7955
7149
6287
5309
4814
1132
5078
4948
6658
4841
8289
2366
5477
7907
2416
5633
8415
3231
1302
696
1570
8227
3247
5974
6775
8365
9148
6349
9381
4373
3958
7360
6253
1252
7108
9910
315
9120
4354
7201
2738
81
5350
6199
2982
8474
597
9177
884
1010
7258
7338
9722
1729
7123
9865
423
461
4814
4475
1902
7264
8654
956
6472
9868
8327
6580
5509
5074
5213
4062
8777
6955
5415
1689
2550
4594
9348
8104
1943
316
27
1765
2275
9699
7340
6266
6392
4841
8983
9614
6976
2554
7192
7663
3646
7364
9159
8374
1030
3961
8346
1576
2679
3465
7753
1392
9601
6365
1833
5487
665
3091
6948
6432
3556
7447
3323
6020
3384
7852
9929
8360
4594
6490
8524
2534
4762
3645
7917
5445
6597
9173
6916
2677
4775
8136
2175
5588
551
1377
5174
5241
5981
2033
1766
9995
374
4123
4474
1148
3
44
1771
9572
989
7534
7577
7927
7153
4990
1969
5973
820
4901
1317
8354
3179
2307
9479
6917
1925
4386
9545
2010
8279
5685
8073
4273
3699
7351
5217
1247
9364
8024
5880
9772
3141
8142
2022
9883
7867
510
5208
2161
8903
1607
3486
2813
3527
8766
255
3424
1338
4601
4835
5852
910
8059
6783
3822
3256
411
1818
1020
4656
9288
299
9135
2376
1335
1494
4876
6171
8754
6670
520
1401
1706
4416
8999
7959
4586
5391
662
719
3730
1434
4709
9558
1756
8509
7100
7812
8874
5031
2092
415
8000
2425
5685
8580
2707
3870
7352
660
2000
9797
3412
9717
2558
8940
9805
1045
7320
56
1368
4463
1653
5324
2637
3290
6084
6191
6674
6467
9801
4520
4666
5619
8195
3522
8409
2873
3066
9920
6296
4998
8185
2809
4306
1847
2597
2506
1205
6781
5894
3444
8918
3497
3625
4370
7578
7284
1962
553
1016
4542
8164
7228
8537
5118
4914
432
8010
3109
6854
6090
3163
1172
1536
4131
424
1821
5263
5328
1526
3317
8727
4210
8671
6888
638
3399
3149
9879
271
2967
114
2211
2275
391
2633
5393
6397
16
9158
612
3411
5560
3142
6967
4548
1211
3212
1530
3331
4439
5774
5426
9805
403
5820
3374
2145
7454
7529
7167
1981
1696
7766
4889
825
5526
4319
6976
9413
3215
3099
4095
6921
7631
67
5566
5159
1639
2343
8434
9394
3810
1733
9835
4118
8343
7879
51
6704
7565
6428
9540
3876
2384
9213
3552
4761
3073
984
7674
6387
1930
1393
3626
4437
2187
2723
3362
5638
7746
2500
6238
5647
5682
3705
5095
201
8395
460
7311
4966
7165
7296
7236
3073
3164
8628
6067
1688
9139
3326
6515
6529
4733
8393
4421
4259
2629
8368
6663
3359
4249
585
6600
9073
1288
2683
9544
8910
8691
1633
4359
9919
6470
9000
2349
6848
1691
1629
9018
8744
9642
8741
2006
4663
6530
4332
6009
4480
3618
1768
135
676
4839
1708
4148
3920
9342
5368
3681
7088
7075
1539
7921
9488
6945
3672
3512
859
1809
2806
3662
3601
4469
6229
3668
6541
3618
8054
5929
2574
963
684
3443
8686
6844
6433
5233
6396
6028
682
7454
635
6808
5948
7973
3992
1457
784
4828
3513
9670
7160
5929
373
6522
467
4879
863
8669
6304
6815
6591
9178
7966
6819
4177
3120
4265
2807
5846
8223
1119
8080
4579
8970
6876
8220
3218
5734
3313
5441
2902
9764
1500
3052
5737
431
6440
9636
8400
2206
1126
9054
7990
2071
4576
9400
9650
983
9119
1054
3043
1476
309
68
8372
8735
5849
6071
2452
9162
5782
5766
8058
3808
5442
9731
3784
4986
2859
292
8333
7249
1738
6624
8212
9797
4423
9224
837
5920
8181
5968
4831
6483
1254
6478
2433
9022
7409
3428
8263
3131
4173
1210
4378
8565
9606
6570
6130
2169
7681
1524
268
8237
3703
4666
4778
9996
7971
4140
6193
2466
7073
5644
7547
4522
9764
5036
6115
4584
5658
3725
8671
9928
1368
3067
2218
7103
1744
4307
44
652
3590
3714
6573
3150
9070
6430
9797
864
4486
4712
943
3367
3729
7619
2572
334
9903
8112
1968
2240
6550
1913
9616
3722
7370
1195
9137
4452
4438
3556
3919
4819
6324
7188
2280
9449
3079
3894
2125
8869
3130
7034
380
2166
9702
465
3513
3268
6611
7854
4683
6907
3929
5899
6853
3237
4933
401
7666
2759
1425
7948
6500
8269
3529
5956
9115
6010
3526
5648
6039
715
3464
4541
9108
6807
8437
9019
8168
9953
7032
8396
7423
1904
1747
8265
9338
1716
4126
5054
3531
8443
9778
8506
6653
1207
2199
647
4669
9386
5389
9701
245
5071
6056
2853
2260
6043
8254
4842
5976
6631
9107
8535
468
9225
6703
7334
5047
957
5826
1262
4109
5169
8233
1273
7667
5525
1276
8807
5686
3072
3183
9541
1524
1527
5227
5311
2817
7564
4909
8688
9197
4218
9321
6365
7661
9285
7835
5993
76
8309
9139
8407
2038
1677
7663
5499
9794
1336
467
5299
909
4830
2470
3544
193
2371
9131
8773
1900
7380
171
9034
693
3957
2964
6078
9575
2341
1587
1005
9018
5335
382
8086
344
6425
5932
6254
8379
73
5268
1320
1052
8900
4985
5937
1200
3137
8425
7188
2539
2930
2347
3058
1986
80
5562
3810
2781
238
3333
9307
8741
9577
5693
9738
7225
3702
4762
4444
1014
6746
9190
8206
9686
9690
4367
8932
3302
5852
2975
583
1210
9684
5560
6435
9117
2844
9635
362
1898
8607
9580
9505
5130
2068
2181
4032
6304
6480
447
1394
115
3424
8584
818
4816
3412
1095
6498
479
5766
8969
8553
5869
5110
1045
7259
7366
2801
4176
8315
5632
7301
4932
2025
1456
5047
9853
3405
5846
6389
8446
3884
585
6515
3127
5027
4052
193
4699
9818
1683
8441
3363
4724
4051
2873
1037
7404
2285
2608
6194
5027
7125
5231
1434
8975
4314
7937
8429
8367
8888
3210
2167
1387
4987
8078
6798
4768
3806
2058
3854
696
2283
2641
2441
4543
1238
68
209
6101
7347
2365
4917
1568
1583
128
6051
455
5636
8464
9093
2707
9913
8640
592
1778
6233
2043
9322
4792
5766
3808
6371
2319
6186
4964
441
8577
6270
7055
4118
1732
142
6583
9741
3271
6940
5786
5065
5557
9308
3047
885
8893
3704
8947
5605
9895
3807
6943
5200
8907
4235
4348
8563
3462
5570
9719
8323
9907
697
5488
360
934
4434
3467
1675
5087
5222
9483
6457
5887
1297
6524
7532
6982
5757
3073
7811
1997
4443
7003
3649
4934
3782
5421
6959
9691
9791
9075
449
6502
82
1193
4902
4199
3135
3106
5316
4391
1229
6111
1920
3409
3732
7441
5826
5866
4271
6763
5606
8143
6706
9608
8654
7357
405
890
1053
385
3994
1245
1000
9417
1602
4754
8706
7347
9325
2798
1542
1810
9614
2906
5701
8609
4554
2016
4952
6708
4835
5375
9674
8879
2907
7360
617
2014
4082
2125
5900
5102
6280
8074
619
3627
2006
5871
4055
1926
8829
2550
4919
857
5392
4713
4624
5405
801
5038
9383
8319
9555
8869
4611
7729
6733
6846
3229
1286
354
2196
1134
1848
8024
1531
6069
9353
3187
7868
7679
9958
6398
4908
30
9312
7220
9340
1215
623
1522
2727
6438
3211
2367
8483
4783
3767
4714
3869
7877
5538
703
4492
9999
4853
4883
8422
390
3292
8120
6975
8297
5516
1786
8737
5215
1052
4961
7158
5540
9239
8865
2240
1300
4223
1974
6978
2303
2676
8403
974
5728
6272
1833
4944
5531
270
2251
348
6748
4367
1652
7541
8069
2706
9876
5043
6250
266
6790
56
8363
109
6615
4359
5532
4435
3740
7351
6215
713
4070
4212
7805
552
6482
5639
3810
467
6592
4398
4288
4819
3713
2967
7527
9471
5856
3789
8618
9916
9606
9683
7422
3967
5006
5945
9892
7476
7789
3702
7525
562
5964
8786
460
4971
7126
435
1444
4356
2161
5900
3784
9444
2198
2009
5269
9493
2336
9110
4858
3508
2159
3157
4841
1697
5135
7285
421
6701
7410
4012
8559
8229
6758
8931
6205
6908
7450
7490
9572
5943
6843
7748
6964
7262
2968
4870
2446
1807
8737
1419
542
4932
2109
9239
1046
7326
8916
4990
5970
2778
6055
282
4902
8243
9537
738
9942
7760
2715
9008
2095
6387
8505
4191
3176
864
4369
4841
3714
1772
770
3110
6559
8918
5201
2407
1844
1754
8923
2262
9374
9595
7834
6813
8116
2878
5467
5968
3827
6335
6871
7056
2576
4431
242
9762
9355
7173
7713
1078
5637
7813
8191
4305
1202
924
7058
3761
3015
6983
5710
3619
184
7201
9008
2215
2144
6043
7118
7573
4071
6060
2658
706
8202
4352
2806
6795
4748
4113
786
3121
7718
2306
1945
2499
4005
1235
1410
8309
2593
4716
4063
7284
2893
8434
8489
9857
521
4116
2047
5978
5785
3653
6121
3083
2326
7680
2670
7375
5291
617
802
6838
5226
6456
2199
9977
6795
6444
638
6388
8199
4467
2306
2811
2342
6524
1575
956
3483
7003
5092
1288
1633
9063
3054
8960
2552
5227
1206
2831
1944
87
3170
7262
8972
9914
7163
9732
6954
9621
3035
2938
6377
6496
2370
4534
6934
1425
7821
9618
7683
8887
756
3052
4622
6751
619
6492
9602
6079
6731
9489
5344
5418
2185
2967
8703
7985
475
9731
4790
4412
1066
8537
8160
102
8144
6684
6785
5053
6703
1328
1482
8789
9588
1556
5132
5423
4282
9188
8965
5097
2944
425
6538
7867
6931
6792
6491
7778
801
3449
4210
3292
5305
6012
3666
1467
8603
2420
6184
4908
4771
3749
2397
7927
5726
692
2673
3624
2665
5253
1340
2413
9050
5613
3970
6982
7477
6911
5946
5881
2126
6433
3654
7349
1487
3048
3255
2317
5222
5533
4011
1114
4541
4792
9626
8394
5251
2568
8576
8475
7362
5567
8646
5194
4510
6566
5268
4375
7721
9408
3942
5614
5485
2390
2995
374
1948
7314
4402
8449
1147
7041
4528
9488
9910
4647
1739
83
9256
5565
1947
3475
3172
6482
4112
7253
751
3000
2003
3768
9305
8789
9677
3372
4973
6890
2642
409
4944
6085
4662
859
1858
3686
5538
5077
417
9353
1960
5068
8404
3018
2317
2982
4809
7201
9880
7425
9741
7963
8500
9157
2668
7590
8435
9732
8106
1144
8870
1276
1834
4119
7773
1311
8657
9154
6729
6896
1831
9649
7832
8841
2936
4284
7969
7099
2762
3918
6345
2775
4296
2547
1557
8744
7143
8887
2151
1524
9322
5807
2144
6411
6363
33
1240
4310
6043
1467
3918
8169
7079
8441
3116
9977
5208
1402
7080
1716
178
4088
9898
9880
1544
6446
7079
4635
8512
7552
63
9522
3397
3785
4711
5541
2810
3012
707
442
2889
3519
7597
3486
4847
8506
8328
8675
8525
74
7453
2776
8677
2171
6284
1393
3752
4074
4444
7253
1558
842
4029
4575
997
2183
113
9430
3269
9457
3101
7669
8206
8992
1733
7925
8623
5581
9383
9045
3276
3923
1196
4795
7102
3827
7016
4815
2918
4682
6053
3238
9685
1430
4660
9702
8149
7891
8417
6186
6549
5360
468
3938
694
2777
5729
9152
8824
1338
8513
4773
1730
8502
6767
2331
7763
1328
2292
2296
1490
4804
8098
8952
306
4933
2090
3343
5490
1450
2045
8450
5118
5669
5385
6397
1261
2976
7656
1660
6572
6283
2845
2777
8445
2580
2602
8453
2635
9969
6769
9683
8448
3219
3933
9570
3680
1504
3732
4900
9696
8132
7227
721
7587
6631
4102
964
5510
724
484
2337
6763
251
6121
7250
4227
8267
8846
9451
2340
648
3037
8473
6314
9068
7549
9954
2614
5983
5410
2711
4893
211
5735
7722
2912
2348
6694
2426
9775
3464
5012
810
1118
9353
1161
2654
4738
5758
5041
2389
5548
796
1029
9679
2489
3695
9569
1495
6078
2892
6974
3800
3372
9784
5634
9705
6832
8159
444
5270
1569
2797
3641
6551
8900
827
9643
5839
9597
3152
8236
5236
4128
9516
7955
3303
9499
835
5324
775
5913
1943
3830
9252
1290
6772
5264
5959
5896
6842
3115
4424
1884
3020
6112
24
5054
5503
6944
5770
298
5868
1671
8387
5559
7590
1839
4101
3019
5275
2894
7153
4730
5395
1618
6167
4105
8469
7696
9190
3349
8946
7514
3574
9694
7627
6794
2927
6036
1892
6587
9404
3489
8970
1150
8382
6060
417
7547
9549
1353
7819
4646
8849
4680
2404
5312
6532
9380
9886
3028
370
7919
1003
22
5900
5945
3205
5026
1129
6155
1049
5102
533
9151
2795
7639
1193
3005
7340
1669
3884
8286
7311
9333
8994
7100
2197
7624
430
3958
3920
9072
5527
7167
4500
5852
8111
4443
8669
778
1133
2924
2258
3955
6072
9448
391
6992
8476
6746
1332
567
3479
9928
8944
3066
4390
533
6842
5820
4139
6943
4237
2246
5842
9363
4871
5696
5298
6154
1180
1891
999
6299
6710
1399
9895
7684
9780
4503
8587
8877
5067
9827
4578
5316
3883
8393
3119
4329
7990
3639
3122
1664
3495
2132
4808
4858
222
9686
9264
5695
398
5483
6797
9411
9736
2225
574
8710
6758
7582
9757
2368
1638
5441
8553
1660
4385
9471
4665
7255
8792
19
2557
7866
8485
701
6119
4563
1840
7428
8253
1348
1064
9146
5128
8677
1147
2782
8276
8332
2121
8267
8332
7460
164
608
5923
7265
4214
2580
3778
4562
6748
2112
4017
8533
8942
4302
4179
608
8669
2552
7263
2458
6679
6859
9349
2826
9841
1418
7639
5402
1636
7161
8003
5066
9122
1208
6817
3561
2515
8500
1709
4420
1617
8204
839
9258
2758
5059
1860
1840
4618
8032
1224
4320
2741
9379
7785
7939
2767
7857
2084
6187
1517
4851
2722
8697
2962
2522
6982
183
8624
731
5747
1891
8727
7826
1655
6496
504
8276
272
6264
3629
2246
7895
5854
712
500
1047
7780
2392
1055
2027
6980
5182
8563
5247
4475
63
4702
3543
9735
7625
8554
8333
3618
848
9839
3319
860
1888
555
8383
431
6381
2307
2003
9114
863
9322
6179
2325
1009
9204
6505
8852
4789
4063
3794
3662
4924
5871
6608
193
5085
3377
3693
1399
8860
1475
4905
555
2399
192
5191
6813
5077
1556
796
6780
5229
7065
7813
5989
5845
4088
3255
4248
8431
1345
4693
9802
457
9452
113
4240
5860
6731
8183
2911
7364
465
369
802
9904
6207
3278
1685
7150
4418
4608
7961
1947
2567
8293
4716
1262
3921
7270
6159
1081
4844
210
1051
2841
9822
2153
3547
5208
7038
7550
6546
6566
4238
1668
9995
3507
3607
3908
3253
1666
7498
4173
2212
2198
8809
3780
9980
3695
8585
8116
2101
7847
3829
3238
1853
3134
4723
5712
9045
2345
9659
2451
2614
3665
5833
7837
3088
1298
5958
1887
7538
3157
6550
7198
9438
5897
3136
2259
3003
6050
4744
9084
1572
348
611
8062
5366
8759
2407
5660
8599
4139
8303
9202
1992
7093
8605
1917
8958
7860
4232
8028
7185
1420
1488
8618
2371
2988
5943
257
7247
3125
3520
2242
7841
9480
4060
5167
1506
8163
8707
680
7573
1523
7906
9706
831
3767
5620
5103
7205
9900
2734
7144
722
7829
1309
2372
3517
7731
1722
9230
3218
8188
544
5896
97
5361
6491
3526
7223
8787
3215
7326
3116
2907
2078
297
1233
7099
4826
9199
3521
5121
361
5373
7999
4197
6964
3019
7039
3301
5212
6025
4252
3151
1315
9588
9885
8981
3594
9122
6403
7954
3759
3418
9899
5527
1017
6224
108
2454
4858
8182
5455
2094
1817
3690
2178
3042
4417
6800
6220
4150
1883
1127
1075
2124
9760
7178
9164
2352
9512
7463
3183
7098
4726
1159
3059
4672
9570
1522
6479
3238
5005
6170
9709
4205
9583
6949
9793
1460
8538
8131
7650
1930
9288
9706
319
590
4549
2449
2696
8089
2890
3247
4830
8530
9764
508
3339
9776
9419
3880
9215
8155
7894
4592
8282
8048
2559
1327
9369
14
1531
9289
6215
7473
7900
2850
6102
5728
9461
5707
7581
1860
2494
2454
1425
107
9815
7395
9584
7023
9341
1099
6875
1937
8668
7761
7621
1648
1843
6917
3614
3767
2291
8748
7458
9476
1512
3510
4589
4425
2383
7507
6920
303
5248
8368
6585
6962
8890
7122
7215
7149
9196
5905
2514
3227
5436
6196
2510
9544
7346
1889
2747
719
8565
9929
1690
8748
7305
1898
9623
9110
3693
2087
1476
5107
1499
4641
4838
7227
6579
1151
2760
6857
1943
2057
6498
7568
9648
8037
1367
8836
1475
9944
4141
5756
3590
3757
3603
9228
9921
1443
732
4256
4872
1794
5235
2216
1817
9445
4912
522
4723
8465
9042
3298
4248
2963
3222
3232
6408
2693
8688
4140
9066
9900
8886
2953
3324
5429
9459
5569
2360
8153
5898
4116
4277
6613
4272
4289
8740
8323
1054
957
9170
2814
7410
1833
8989
8735
703
40
1680
7570
3793
6785
6151
7216
6823
8617
4526
4449
5066
3478
5891
235
396
3405
2027
4799
5
3486
300
1574
943
7613
7362
4615
3208
8319
6178
2248
8566
1394
8269
8323
5416
9937
3391
1924
1098
7469
9877
5016
2028
9034
7638
1315
3733
5425
8101
7376
7720
4402
2671
3828
9782
8314
6826
4488
2677
5074
1280
4332
7626
9999
9970
5694
1428
7651
9586
1889
6560
9007
6354
8889
3517
2022
6965
5436
303
4301
6232
9750
7782
1638
3792
7693
6764
9816
309
8116
4461
2826
3951
4304
9919
8866
5498
6382
1668
8445
6854
4662
6512
4978
511
7827
7579
3052
8914
7303
8609
7020
1602
7760
2494
894
4457
897
3095
455
7655
7098
7625
3622
1325
7391
9571
8655
7983
8402
1528
501
1896
2922
8053
8698
8881
7667
5323
6525
4797
3229
5330
7409
2492
2495
8564
7499
5216
8494
1969
970
4228
1863
5607
7814
3575
695
5446
7756
8834
6
3398
9942
892
4463
5554
6430
4117
5992
2219
3764
1793
8692
1135
2581
8829
4223
7833
8347
4053
9506
9570
8977
2565
1371
7976
2973
351
2702
4253
1454
5623
4912
3491
2955
3247
7070
5540
7788
5982
7317
6093
9726
872
3620
6355
3405
4400
814
6846
3524
3094
4691
395
594
4808
8916
6090
4415
1884
9031
7392
70
9295
9064
568
6001
3165
3102
6548
5145
649
6420
780
6970
2911
1475
1725
2917
9183
7598
3144
5989
577
2251
1873
605
6776
7178
3719
9409
5761
8547
3005
4357
8835
3181
5288
128
7796
9397
5274
4108
221
3725
9482
8938
9049
5381
1403
1721
3215
2311
9495
6649
7963
9909
7255
7898
1281
6989
4466
6808
7856
2974
3737
6512
381
2370
8277
5717
1078
6663
4541
9376
6128
9209
3201
3958
9292
651
7571
294
4832
357
2060
393
8433
5467
7792
4727
1156
5563
2778
3855
1357
8527
6055
8837
3257
9829
5367
7498
9241
9180
3319
121
3487
2928
9778
9431
1701
3389
7917
8114
4288
1364
3993
1668
7295
7813
4677
8230
9876
7562
42
9294
8995
1970
8798
4442
8243
9468
6084
5567
1678
1157
8536
6436
5123
4001
2748
7084
8860
7556
2553
8836
6723
4328
3377
7924
4283
5079
7752
693
698
2080
8506
7250
6451
3469
3455
860
1899
9430
6736
3129
9879
9684
1260
1396
4789
8651
1895
8222
3038
1760
7512
737
7865
6833
7220
3390
8089
3166
195
6877
9186
5620
8836
4401
8515
7634
9329
6432
906
2260
9232
4576
6227
1066
4334
3259
8686
3020
8403
1884
5644
1351
9606
2975
4834
6571
4807
4395
9707
8821
95
6000
2948
3603
6147
3476
5600
1779
2555
7002
5409
9529
3336
5525
8737
1561
9338
51
9571
9962
161
8126
8687
8404
7900
2414
5416
6808
4019
1393
7699
2714
3707
3615
1411
6801
5072
6160
7072
9960
1101
8951
3331
5402
9689
9723
4470
2932
7585
6229
4377
9601
264
7148
6539
9688
713
6885
2967
5305
5005
6528
675
3161
1129
4386
762
4070
5422
5304
2603
8851
6175
8331
8367
6299
4805
5630
4979
3547
1916
7810
8578
8318
2974
7991
9854
1154
4582
5367
2970
7084
1516
9251
9224
3939
1784
9130
186
6977
7148
2207
926
868
9452
6971
6479
8441
9949
5686
245
3590
9134
6967
3701
361
3878
6527
8050
3746
766
4146
357
5292
3751
4907
6882
5687
6648
9026
5714
6073
4229
3197
7507
2335
2712
3199
235
7733
2128
8285
2315
996
8138
2170
671
6167
7386
4992
4216
662
4363
9046
2270
1126
7997
3923
8230
6021
7825
8173
4952
2929
5285
8491
280
4178
3639
3600
1720
1215
1215
890
8462
5321
1930
5874
2336
4048
3365
5271
4796
6186
3481
7341
9660
1630
1060
2629
4977
4613
6064
8614
223
3026
6200
2499
2302
8603
1313
1085
6386
5155
7498
1415
757
3736
7666
9735
6641
9796
779
7905
7026
691
9619
4525
4717
731
3210
9105
1376
3955
7248
9710
3412
3722
8426
9735
8608
7098
9999
3195
6227
8961
8164
7474
2441
939
6425
6258
7023
9149
1338
5029
4192
7850
5564
5102
189
4862
8255
807
3984
7182
4758
4853
1867
9943
5651
7761
695
3050
1063
4333
8111
5941
5438
7235
636
7067
4575
3204
6307
6382
5005
3474
3173
5063
4373
3981
9079
8969
9287
6136
4823
7545
107
2495
5681
4189
4564
6691
8674
6838
9559
7129
6480
9776
2776
7584
4158
3988
5903
1178
7757
7167
8231
2438
4715
2096
356
3832
5033
3428
7882
7810
3902
5188
9131
957
7722
8364
4488
2999
9767
9940
5913
1838
5274
6013
3250
5776
1631
773
7765
5748
7093
6147
5915
543
2714
4205
1957
9409
1546
9470
7354
3095
7807
5146
8207
5311
260
7846
6243
5930
2802
7193
2494
4790
4089
3570
9849
7705
5533
8068
9667
6800
1218
2032
472
2969
4732
4179
9443
7432
6132
424
6208
700
9688
6121
7884
4056
7479
9216
2163
9926
3061
9305
1300
6034
8212
3704
5760
9707
5971
8430
921
167
8466
2057
8111
5736
508
1920
4189
1279
3545
8439
439
7953
4166
1457
3210
7463
2188
1527
5632
7451
905
4912
6311
2696
5715
4194
9834
6356
8815
1195
8004
4868
3605
1634
4364
2208
5806
4883
2360
5024
5674
6168
5274
1386
1753
6771
997
6924
372
188
874
9569
2302
8504
6948
2116
6101
157
9844
4367
4936
5844
8351
5011
8739
6661
1631
1192
792
5053
9677
9368
8868
4176
7852
4786
4896
4041
168
5010
6637
3141
7653
1340
411
2322
5690
8877
6283
3422
3020
1117
1904
9050
4206
9446
6537
9453
8840
9744
1999
5182
9014
5700
4127
3723
1474
3409
115
6617
8513
2049
8762
3106
2050
5669
5106
7514
2962
7337
2214
1985
1578
4275
1256
4657
3544
3795
4995
422
834
8279
4005
3283
6108
1715
8176
7825
9781
4220
1765
3143
6072
8844
1582
8387
5724
6109
2597
3695
2578
9875
8980
879
6617
1583
7687
4819
1038
7998
2397
7027
3480
4808
3581
7973
5238
9232
6948
835
7600
5472
375
6971
5113
9241
6483
8435
9710
609
4628
4476
6504
5337
5244
7304
6755
1700
837
8178
5038
2622
2888
2521
129
849
9278
5048
2027
6664
8367
4980
5869
1779
6927
627
5435
8709
8142
7566
2291
6189
2215
4057
7122
3597
4624
2551
9921
3496
6436
7343
9269
7313
8437
107
5366
7686
676
2255
9054
8851
8716
441
2015
5193
1309
1671
7861
2115
3477
2125
6175
8613
8190
3083
1242
3035
4848
8382
2597
5480
5787
2257
1253
1801
5894
1600
2607
370
8130
7338
3521
1593
9837
756
4892
8156
9354
1950
1953
874
3717
9526
5665
5791
2577
8330
7775
2516
2662
1285
6544
7183
9968
4175
4883
1745
6576
2014
5769
2685
3589
6447
11
1360
5066
8033
8490
3888
2552
7403
4937
3989
6253
9987
9764
5977
6590
9089
5459
3490
7429
1514
3290
7070
4813
729
3494
8210
1553
161
1060
1829
8232
5759
680
9887
1749
763
3287
9663
6736
8960
4859
1534
6560
8074
4381
9638
4017
6670
8553
7482
8039
8751
8006
1730
7837
5043
5150
0
7245
9837
9130
8733
9794
6143
4018
7264
3866
1794
9150
9327
3500
2922
2270
7950
3005
9343
7347
8304
1167
2763
9920
5593
2382
5730
9131
1745
1997
3439
9758
5272
4705
6505
4500
292
7713
8277
5599
2965
5375
9499
9655
938
7686
779
29
3088
1559
3034
8548
8224
5149
7328
3984
5077
538
6657
1021
2938
5532
6407
3867
2046
6735
7908
8368
6611
8307
4077
3391
5443
220
8578
3033
1676
2158
1584
9822
1594
8717
7102
9722
8387
1904
840
2820
5779
8115
7819
9466
5185
2420
2133
6045
1772
4194
9420
5243
5809
2075
7891
905
9136
5375
9958
6561
6677
8479
5037
5223
5788
2253
7022
3532
8031
9583
8633
8553
9477
4023
5022
7018
9400
4299
1364
164
6267
1793
5721
3925
3737
4156
1786
1566
6510
3714
9985
5028
5646
3512
7851
3649
932
585
5584
8488
7697
6637
6528
2098
3451
1644
383
9705
7811
9651
9612
4313
2180
2477
4906
1980
5058
1225
9779
9029
9781
9411
8825
8465
6239
6756
1774
7300
2729
9109
7278
6800
6999
1862
2458
6884
1244
9259
5772
8250
6261
2085
3299
4824
96
8828
6578
1483
11
6379
4968
5392
6386
6378
6821
1859
9087
9042
1033
1032
6007
6428
3435
7292
7394
7139
6616
2930
1501
5742
8429
8273
8339
7278
2042
5018
7360
2041
8488
2342
3466
7719
9003
8053
7467
7716
8386
1677
8730
8585
5916
9887
7068
5687
4041
2043
4259
3974
8223
6056
4248
2990
3391
5034
3348
5060
2054
8431
4391
8028
7326
4247
5156
8441
6146
103
550
3664
4186
8003
8331
7819
1758
5535
7869
8746
3122
9441
5272
7453
4697
7972
1454
1722
5534
6917
4626
5201
5561
6201
2196
9071
5312
3081
5653
9518
6502
6482
5446
5337
7327
8315
8465
1603
3202
1435
5705
4522
8363
4589
3051
8673
2783
4292
9805
7263
7547
8904
632
7922
5841
2028
3010
9640
7321
596
9829
2375
1763
2338
6311
7221
2091
9115
9998
2007
9327
8393
5090
1685
7486
7141
5134
5245
9754
9246
3145
1410
1515
4586
6960
4582
2169
2789
1636
5836
7502
7227
5742
890
1231
8323
9681
5905
8268
857
8370
4957
9977
6397
4843
5874
7087
4454
3468
6033
1212
4896
1630
7884
4287
9213
2654
3882
5821
4383
1357
4645
3820
8876
1581
3333
4500
9445
6452
7718
3367
3866
5172
6226
4163
6501
268
6258
2399
5589
2691
3428
4924
1512
4522
5612
3865
4795
3703
8802
6322
2617
6537
8899
7343
1554
6861
8692
8472
4377
9005
1498
6759
2212
3088
9795
1386
3554
8648
952
3018
6973
9364
4458
783
2742
4249
6424
3545
7546
6973
2429
7974
9608
2144
7477
9385
2841
6997
3677
8133
4369
5112
7780
3791
9990
9429
8669
6112
1783
5722
2304
6454
5390
2818
709
4899
9257
7832
5087
6995
7313
9382
7140
5899
155
4431
7443
8765
7318
3557
5751
4230
4004
5912
9831
1128
2505
5905
8612
7064
2973
7731
3879
3766
8690
7758
6726
240
7058
8024
5137
9995
7061
509
4353
9459
154
7059
7002
9524
9989
8630
7440
5780
3470
873
5837
484
2986
5938
9829
3524
9517
4756
9126
9751
243
6295
1248
483
9489
3499
3640
6639
9865
8049
7402
2156
2587
2854
4463
6767
2220
3518
9704
2965
814
9490
2850
7107
3271
8990
6214
4538
3733
4116
6671
1269
7295
2062
2495
263
8845
6496
913
5288
2018
7145
7966
1513
1913
5585
6605
3956
7504
3089
9943
785
6640
9038
7652
7705
6714
1081
2679
7555
6872
9752
3588
1353
5768
8288
2516
3403
9623
5099
4341
199
8903
3055
4273
9951
1730
5576
1675
3028
2062
6693
3331
7119
3509
5762
3715
273
9741
4621
6158
9457
261
7622
7774
4520
4995
8618
6830
5062
9450
3201
9245
5614
537
3355
2055
8320
7575
4239
9194
5403
4570
3785
7658
1216
4503
7431
7128
7196
5699
1563
6371
4674
2005
6230
8359
9478
7032
7552
5804
6896
8693
8660
7347
8815
9236
1443
538
2552
6079
2316
8363
6415
4971
8425
9263
8288
785
5117
8194
1147
9527
8790
9133
8836
4292
4220
5145
7544
8190
2939
4660
8544
8113
4720
5104
827
4741
5013
1290
7588
3039
4303
4792
6321
5234
1193
1736
3683
837
8814
4326
2185
4528
3719
6947
7111
6072
6769
8959
5186
9832
5970
5827
769
457
3920
9830
2377
2445
4403
5722
8058
1941
943
8620
3712
4633
6718
7440
2687
7876
1614
5313
7526
791
2611
2737
8163
4467
4318
793
1351
8647
9336
1152
6035
3913
3078
1588
721
3457
877
3503
4851
274
8952
2865
6975
8696
7780
655
2512
1620
715
5028
2901
3144
232
145
2951
5927
8768
4873
7196
419
9181
2284
5410
5212
8891
3962
603
2176
5940
6289
3211
4362
429
5398
4656
6880
4054
3060
1456
8518
584
1772
1428
5823
3734
1172
9886
7405
1352
5699
6473
2682
8144
4297
3108
9489
8993
9019
3334
5067
8648
5710
9656
1434
5524
7587
7493
1490
1759
2745
2796
4447
3988
1022
9018
599
2611
2492
2600
6466
3874
614
5105
4544
9515
8632
6742
9842
2768
3165
5711
4135
9119
2372
9352
6010
4997
5129
8905
2165
2381
9930
6169
2376
1684
7200
7070
8146
3759
7793
7288
5219
3744
7052
2036
8788
7802
9254
7356
3243
1344
327
1472
1301
9293
4422
3571
606
9869
6632
7544
9266
664
3181
7184
1140
8356
6821
961
7127
7294
3725
5681
3401
7227
5435
6337
9822
3121
6417
3320
7825
9963
8080
9042
6367
1349
6172
735
3442
6071
7113
7762
9467
836
9879
416
552
2549
3902
8389
8888
4711
6244
2320
3211
1746
7588
7305
209
1187
2289
1195
2191
6326
6804
6621
1729
6467
7913
4679
3671
5638
8106
6924
488
5425
7853
2146
6312
9326
321
2572
9176
2527
161
6695
2976
8838
8912
2120
686
976
1452
2963
7124
6270
5295
2447
3076
8780
4032
9271
4387
422
8973
7519
2265
6473
5927
9768
2941
4438
6777
6721
9954
9321
4666
7345
5227
1930
1354
296
3296
8547
9834
2618
4152
371
2276
2323
2570
6310
1827
1159
6228
6026
6446
3779
7007
1422
2824
6899
4431
5544
2369
4634
213
9733
4784
2664
8503
9809
3335
534
6152
7108
5189
8235
4472
3501
6313
2208
9709
788
2391
3725
8655
3119
764
7818
6612
2415
3397
3475
4227
7128
4836
8478
4194
5107
5031
9261
7872
3384
1837
8400
678
6271
7560
8526
2263
2348
212
5467
695
4214
5079
5017
5166
2418
9876
5136
9602
4452
1170
9090
9192
4537
3231
5293
9029
8086
6217
1541
3133
2804
184
7054
8253
4015
5036
4148
6218
4585
5491
4117
1883
3913
7261
6609
7102
4418
4760
4243
7592
7207
4796
1183
4875
4071
3832
5138
3614
7991
5390
153
348
8968
4813
7249
7702
8296
4685
2291
5759
14
8700
5387
9766
9259
5833
8471
6941
9490
6931
975
9433
6778
8807
3789
3468
8240
9278
5289
4198
7968
1236
8569
6321
3492
4749
4955
2867
1827
5876
7905
5037
7180
3761
4527
7184
5701
7895
3574
307
4709
5087
8114
3648
7313
7812
841
1904
4556
1310
1731
9031
6551
2455
4050
1252
6527
327
6231
443
9642
5857
4047
6803
3650
9445
8478
1065
886
8914
8096
3699
8357
6279
5552
757
9247
1562
3398
6276
1051
9664
6262
8167
2163
6454
9904
8378
3180
8302
1026
188
2840
590
861
1929
5769
1731
4766
5837
9770
9376
2314
3152
9182
9301
8793
8505
1841
214
3339
3842
2835
6353
9953
4713
8623
585
5218
7739
9805
3008
2469
3864
8585
717
7561
4117
6507
6141
2733
8183
3399
5758
7177
2750
6549
4277
6254
9741
8277
2453
9691
376
100
2287
1923
1619
1288
1153
4313
9664
8690
8886
2473
8577
5104
5532
2023
4227
3730
9173
6236
6610
7958
8456
8437
4971
8199
5003
6334
3034
7244
1642
5692
4427
9317
206
2507
4341
1116
28
6413
8055
4666
747
4904
7987
4734
3878
2049
9439
5182
5116
251
1256
5226
6260
8607
680
6154
2454
7527
5749
130
1916
6623
4732
22
7473
3435
4212
4548
4273
1972
7725
4643
340
534
4296
7973
4218
1093
8155
263
4790
3822
3927
9025
5000
4522
2001
1676
6430
4831
9681
8020
3691
2138
3687
8444
3086
8588
2951
595
5987
3785
3899
6984
4730
3587
1412
4910
2791
6241
2117
4633
3906
3045
7180
2718
2560
185
9670
7060
5046
1404
1448
2490
8401
9494
9986
9751
4003
5048
6388
9317
8400
9088
6202
758
1217
7051
9198
997
2002
2522
7952
4351
7642
5090
9315
6383
306
5618
8321
6774
7623
9997
5074
4181
2116
8959
4676
3276
4077
7269
8814
2153
8263
6498
3676
7201
1394
5844
4353
6877
1274
8466
2884
6484
6383
8066
2434
9155
8363
5958
6819
1539
4162
9916
6339
5520
8770
6801
6129
4825
7486
8481
1709
8309
605
8028
5241
2550
6998
3892
9478
8180
2167
3409
9203
2580
2405
2035
4562
3932
7007
5638
495
6951
535
5521
7626
8137
4156
6532
5045
4217
3301
6730
1404
7777
3572
6935
2898
1782
7101
2283
9004
5699
4899
6118
9366
1482
6331
6595
8500
531
573
1242
5269
6643
2953
1838
5366
8021
823
8648
9275
9368
6729
4129
6750
6921
3036
9960
1775
6273
7938
406
8406
7877
1999
8523
6670
1014
1103
731
4533
6313
4995
3671
5468
7075
6219
4078
3339
6769
3982
2613
1440
3061
5146
9936
2964
8495
4078
3139
4311
1079
2458
8731
5760
2168
9271
2968
5655
17
8037
8487
8474
8750
7129
7130
1828
1495
5181
3103
6622
3961
1370
1565
6552
4211
6362
3665
529
9822
6287
826
376
9869
5597
4626
4334
2668
2168
8719
4134
4909
926
801
1594
8813
7982
7010
840
3494
7155
8155
4434
7414
9200
6651
1246
2365
9581
850
627
7508
186
9096
4659
4107
2137
5287
9126
7567
7170
6758
6426
9490
293
5785
7572
7477
6919
5224
2826
2065
1659
9846
4543
9780
6160
6695
8597
989
7111
9331
9873
617
9125
9747
6313
135
8106
8538
44
3427
63
9090
3806
3301
8048
8749
2624
3507
149
1840
4055
3253
9178
8919
7294
2179
3870
2525
6654
6303
3548
8198
3919
7303
1034
5486
3098
4016
4668
250
3396
3783
127
6253
6297
8959
5187
7271
5985
5382
5460
3357
2019
7818
5875
5437
151
8881
7529
6878
6721
8324
1053
2149
9603
5792
2361
7820
7816
9527
7526
3831
368
1805
7961
5251
1829
4014
1539
473
3369
9234
2041
4555
7351
6978
6050
7283
6468
1635
1665
8238
2026
2849
9983
1397
9142
2050
3860
1589
4770
8094
6761
4539
6985
3952
3193
7433
899
1326
5302
4153
4956
2927
1224
6117
2154
1417
6465
56
128
3538
4218
9920
3522
5408
7773
3714
1691
2375
8991
4742
5680
8265
5308
3081
7195
5017
1063
4174
434
665
6323
6701
4878
4800
5396
844
9657
7265
6077
2311
2843
9539
4310
3678
6952
5773
2001
3904
2826
5367
8644
1896
4823
2735
6335
9603
6782
3631
9108
1271
4093
2494
9169
1402
1988
6062
5316
3390
2717
684
7492
4946
4648
152
1321
5289
9473
5615
3153
9763
509
2471
5950
8080
5424
5874
8963
594
2481
3513
4862
7827
5926
4243
8931
6481
7429
848
2590
4328
5336
4034
1251
916
9045
6226
7104
6756
4010
7883
1429
4793
1829
8976
2891
8610
7916
9666
170
1481
4516
6282
8984
9818
5975
8303
1942
9803
3071
6518
6591
9343
8316
5221
3934
4483
5424
352
757
415
6096
2585
7747
9509
2919
6249
9002
7119
9030
5226
6430
9238
5458
4734
7199
4551
6581
8023
2015
2238
4971
5437
4754
8103
4622
6987
3201
6726
2360
511
9665
8748
5947
2376
8224
5916
5518
8245
211
2062
9895
2430
4935
374
2638
7588
9748
9296
8452
7304
3520
1805
481
2453
4133
2949
8614
5944
4623
2485
7955
5481
6718
3753
4210
6304
3276
4341
567
3767
1505
7837
4240
5832
8314
1373
587
9315
8743
4240
3392
2636
83
3764
4881
3588
6546
8330
1501
1822
1642
549
5614
3381
3464
4403
5235
1958
9357
1801
7097
6073
4647
9184
2904
5803
1662
3684
86
1549
3598
955
9680
4950
9256
4148
715
343
3774
8535
7341
3212
845
2944
3937
9175
6946
3304
2440
1364
8477
9910
2387
6132
4493
8582
2889
8116
8315
513
9863
2710
5088
1299
9510
2470
871
1996
426
4561
1945
98
4321
3302
5684
6662
5859
9273
6332
8266
5189
8981
6733
5149
421
2254
7498
6591
2402
7636
9352
6840
5017
4046
8527
1632
8907
6436
803
9642
1863
1553
554
3068
1214
7281
3794
9432
4857
1188
3436
4191
7094
9907
6938
2478
4460
2879
2318
3398
221
8280
4671
6539
2034
9050
9935
6764
6685
4883
3572
1132
6335
5803
2605
3514
9499
6771
4078
2044
3541
3371
6350
261
5811
5968
7879
5047
2287
9479
5393
7803
4979
2452
2809
6000
7155
4102
9367
4060
4115
3443
2873
3330
9895
2650
2494
8820
1304
1613
5701
6912
8810
2146
7093
5209
7740
4522
3837
1642
2281
6608
5141
6231
8724
5462
588
6043
3625
306
1940
4540
3122
8867
3984
2120
2926
2254
8493
984
1564
1121
2457
7141
2845
4835
8577
876
4106
601
3969
9771
378
6880
209
305
8597
1166
5593
9696
9539
999
3042
2592
1488
9888
1685
9080
4956
6698
8757
8611
3252
6436
5212
9771
2399
8685
5478
5318
859
8328
6861
2229
3867
626
7311
5807
4935
7896
6036
9865
1060
7642
3389
2174
5589
2130
3837
206
306
1623
9363
8999
9976
4236
488
7636
116
1046
2158
60
2916
215
1849
8288
2895
6765
6190
2216
1334
1159
9674
3355
2403
3876
821
6204
3641
7973
4566
9774
73
4516
5076
7880
8603
3786
7816
16
311
3082
3587
2900
1632
8157
9012
7530
2058
6002
9408
8822
6010
7086
2350
548
8713
5081
1660
521
1974
5490
1911
7270
9216
5134
2
543
6967
9050
3000
9700
5630
9843
7064
6898
3635
3582
4085
775
5381
1062
4540
5744
1036
6756
697
6111
6845
4286
7798
7467
3037
1279
6414
4148
8005
5933
4270
1719
5018
2914
3636
6312
224
1385
1012
3206
4473
707
8776
9418
8401
3594
501
9307
3862
4839
4187
2071
6765
8886
9504
5435
5703
5321
7990
1970
2067
6616
7235
1570
4252
935
9046
254
9621
2401
5253
8521
2254
2245
4694
1997
7637
6505
6040
9692
7550
3233
9587
5307
9514
9053
2654
1490
5047
2281
1342
6537
4871
138
3690
9069
153
4966
6370
4979
2131
4464
8952
2370
4241
529
692
8003
5721
2807
6782
5760
3908
5822
1726
8232
8914
3847
8512
6198
1632
3242
2807
9768
2597
2939
2352
8650
4428
6722
464
5646
7351
3059
8442
31
8308
6473
5212
3770
6060
1008
2496
1903
922
4450
8915
4558
891
8229
9710
3789
3166
2566
382
6352
526
8240
7931
7430
8235
9523
6842
3328
8594
1482
446
1268
5335
9750
9750
8480
4763
5685
7432
1638
4151
515
5330
786
1482
7989
1589
4049
6041
4149
671
4108
4687
995
9966
1606
1793
2192
8163
1223
626
8654
7330
2839
2251
6173
1616
2494
866
1277
5
2099
2312
4601
8296
5721
7341
6838
9162
1996
5531
160
3807
772
6954
1365
1056
8136
6369
148
4786
6089
2109
5264
7708
7330
9485
3120
224
3558
560
5235
1105
6956
537
3112
2463
1371
5235
5934
21
2482
4995
3454
9663
5293
3694
8517
6343
1031
229
652
5053
6777
1062
8229
2494
5209
1336
5414
4251
4434
7693
8201
8208
2978
669
5366
6661
6813
3119
9071
6253
137
7268
6560
5220
260
9235
35
2565
9247
9959
4628
9926
3986
3572
6644
7605
380
3474
808
9932
1857
618
8215
7769
8509
8137
5474
4997
6303
6551
2429
1482
7706
885
5893
4119
9851
3564
4716
119
4153
6512
3838
9362
6824
9147
7759
1667
3226
6200
1646
4461
8428
5056
8334
3363
9245
2302
105
3705
4388
7109
1153
1
2720
7920
6403
8426
3935
6699
8790
8182
4764
608
2307
3033
7561
3945
8953
8841
8488
7031
3786
6879
4849
9736
8815
935
7538
1023
3075
3658
9526
9787
5279
244
5092
7140
9838
6763
4018
7858
2793
1
1724
1724
1372
3806
4084
7483
6357
7586
4648
1535
5630
1203
7330
9171
5601
2867
8380
4570
5986
4057
8666
3225
4991
5172
8490
3736
3859
5778
8463
188
972
5192
5087
6026
334
5818
1487
1494
3205
1735
1616
5834
553
2711
9692
3356
2118
5107
3071
2932
6510
5143
6058
1570
4000
834
5658
6123
178
8413
7555
320
4478
6771
6241
921
9357
3840
10
8262
3144
1484
3677
2792
4347
3468
7404
2411
5228
5898
7225
8829
9603
6123
8182
6447
8800
256
4808
3916
8557
6465
6914
6964
9476
7956
8367
8372
649
756
1015
1312
9954
1058
5633
3305
708
7865
7325
3874
2388
1628
8558
9728
7509
3742
3778
7645
4729
1179
8040
2652
3981
8496
7195
2913
8215
